Energy	Sweep0	Sweep1	Sweep2	Sweep3	Sum
2255.00024414	1800.72375488	1785.68225098	1866.11816406	1823.53552246	7276.05969238	
2255.05029297	1841.92687988	1815.50476074	1755.51672363	1817.83654785	7230.78491211	
2255.1003418	1773.46704102	1750.31079102	1851.20056152	1799.81408691	7174.79248047	
2255.15039062	1817.04980469	1755.13989258	1724.61901855	1788.63745117	7085.44616699	
2255.20019531	1781.1463623	1815.16894531	1714.82470703	1841.76782227	7152.90783691	
2255.25024414	1783.5222168	1735.3034668	1822.20239258	1845.63183594	7186.65991211	
2255.30029297	1706.74865723	1774.80932617	1798.43896484	1865.6940918	7145.69104004	
2255.3503418	1804.96264648	1761.3659668	1776.56994629	1803.73339844	7146.63195801	
2255.40039062	1777.36791992	1693.07885742	1799.44885254	1708.48522949	6978.38085938	
2255.45019531	1809.92016602	1726.93249512	1790.6920166	1789.14135742	7116.68603516	
2255.50024414	1816.26013184	1824.43469238	1803.63476562	1780.56872559	7224.89831543	
2255.55029297	1784.87231445	1807.67858887	1762.75622559	1826.04492188	7181.35205078	
2255.6003418	1813.56555176	1827.29650879	1752.03601074	1834.81164551	7227.7097168	
2255.65039062	1798.6151123	1767.10119629	1794.02075195	1766.61755371	7126.35461426	
2255.70019531	1836.72045898	1723.77416992	1810.29528809	1900.91369629	7271.70361328	
2255.75024414	1770.04101562	1746.31140137	1775.31921387	1747.83215332	7039.50378418	
2255.80029297	1802.01611328	1789.4407959	1805.60681152	1778.96398926	7176.02770996	
2255.8503418	1798.33618164	1822.97570801	1817.24450684	1813.15258789	7251.70898438	
2255.90039062	1822.60229492	1782.140625	1751.28100586	1766.49987793	7122.52380371	
2255.95019531	1783.46154785	1753.8503418	1729.73828125	1759.69421387	7026.74438477	
2256.00024414	1702.86804199	1805.09606934	1717.51525879	1773.56726074	6999.04663086	
2256.05029297	1692.01550293	1830.91882324	1762.54138184	1780.99938965	7066.47509766	
2256.1003418	1726.65661621	1703.55639648	1665.19445801	1763.92480469	6859.33227539	
2256.15039062	1707.58007812	1727.28637695	1739.74353027	1756.5123291	6931.12231445	
2256.20019531	1752.60412598	1710.51477051	1751.00134277	1759.93823242	6974.05847168	
2256.25024414	1698.26525879	1731.9140625	1735.8770752	1760.99890137	6927.05529785	
2256.30029297	1763.18811035	1760.41650391	1683.18347168	1748.08288574	6954.87097168	
2256.3503418	1747.6517334	1765.06359863	1726.06970215	1720.39916992	6959.1842041	
2256.40039062	1712.94543457	1744.19287109	1729.77416992	1716.68908691	6903.6015625	
2256.45019531	1683.68432617	1793.04760742	1741.49804688	1680.68859863	6898.9185791	
2256.50024414	1725.10083008	1755.27770996	1739.57739258	1663.72009277	6883.67602539	
2256.55029297	1735.15490723	1684.35766602	1716.08166504	1709.30895996	6844.90319824	
2256.6003418	1757.16577148	1665.44165039	1714.23657227	1685.59057617	6822.43457031	
2256.65039062	1736.4375	1673.37756348	1771.70568848	1754.91723633	6936.43798828	
2256.70019531	1695.84350586	1722.18774414	1733.03112793	1747.81384277	6898.8762207	
2256.75024414	1670.07434082	1754.44995117	1737.54846191	1704.06665039	6866.1394043	
2256.80029297	1715.13256836	1762.1842041	1703.33581543	1733.21850586	6913.87109375	
2256.8503418	1716.34191895	1812.89868164	1701.12487793	1744.57373047	6974.93920898	
2256.90039062	1722.66394043	1744.2154541	1752.62792969	1732.34277344	6951.85009766	
2256.95019531	1734.3515625	1697.54016113	1757.71569824	1712.15441895	6901.76184082	
2257.00024414	1690.98815918	1697.6496582	1671.63586426	1713.39941406	6773.6730957	
2257.05029297	1649.2454834	1694.96777344	1674.64208984	1733.02355957	6751.87890625	
2257.1003418	1708.34741211	1712.05285645	1720.44445801	1719.73754883	6860.58227539	
2257.15039062	1777.07763672	1739.0970459	1739.46435547	1710.19921875	6965.83825684	
2257.20019531	1684.85827637	1692.02001953	1689.94824219	1666.57958984	6733.40612793	
2257.25024414	1699.87145996	1649.11315918	1680.3482666	1702.2911377	6731.62402344	
2257.30029297	1634.30456543	1700.52514648	1691.5904541	1684.47766113	6710.89782715	
2257.3503418	1653.65197754	1730.04711914	1734.27587891	1728.36376953	6846.33874512	
2257.40039062	1647.87084961	1700.82080078	1749.2980957	1664.0703125	6762.06005859	
2257.45019531	1730.20507812	1648.4987793	1717.72229004	1690.93371582	6787.35986328	
2257.50024414	1653.71618652	1685.15234375	1763.08410645	1744.12011719	6846.07275391	
2257.55029297	1642.92578125	1762.7244873	1630.04516602	1684.02404785	6719.71948242	
2257.6003418	1700.38916016	1679.75891113	1700.10217285	1705.01013184	6785.26037598	
2257.65039062	1678.40002441	1666.11901855	1668.4050293	1734.50195312	6747.42602539	
2257.70019531	1686.65856934	1693.59350586	1625.76086426	1672.13769531	6678.15063477	
2257.75024414	1664.375	1651.57739258	1660.70471191	1692.40466309	6669.06176758	
2257.80029297	1719.0880127	1700.26025391	1657.59606934	1646.05786133	6723.00219727	
2257.8503418	1657.61291504	1717.06860352	1744.96118164	1715.39221191	6835.03491211	
2257.90039062	1640.8392334	1694.57861328	1706.06884766	1717.39611816	6758.8828125	
2257.95019531	1682.02478027	1618.96337891	1704.75830078	1713.40161133	6719.14807129	
2258.00024414	1647.30200195	1678.70117188	1712.52282715	1689.54699707	6728.07299805	
2258.05029297	1671.06225586	1638.51635742	1698.6048584	1669.26013184	6677.44360352	
2258.1003418	1677.22167969	1720.22973633	1648.12219238	1653.39770508	6698.97131348	
2258.15039062	1685.69836426	1675.24414062	1649.46496582	1641.53076172	6651.93823242	
2258.20019531	1647.21398926	1701.2277832	1704.11853027	1703.38549805	6755.94580078	
2258.25024414	1699.12695312	1697.81958008	1737.56152344	1640.17993164	6774.68798828	
2258.30029297	1687.62402344	1722.86071777	1692.83947754	1685.0045166	6788.32873535	
2258.3503418	1720.59472656	1768.00378418	1617.73339844	1687.76953125	6794.10144043	
2258.40039062	1756.65722656	1673.31835938	1697.27392578	1709.7322998	6836.98181152	
2258.45019531	1699.37304688	1741.84375	1666.42736816	1732.08984375	6839.73400879	
2258.50024414	1756.39343262	1769.953125	1753.55224609	1670.90075684	6950.79956055	
2258.55029297	1759.04125977	1802.03930664	1755.50720215	1723.56152344	7040.14929199	
2258.6003418	1620.0234375	1748.31787109	1681.8013916	1672.20996094	6722.35266113	
2258.65039062	1759.3449707	1722.94494629	1734.10119629	1800.37463379	7016.76574707	
2258.70019531	1701.72912598	1689.51586914	1744.02770996	1742.09484863	6877.36755371	
2258.75024414	1710.24157715	1720.92797852	1696.45288086	1789.21130371	6916.83374023	
2258.80029297	1674.83825684	1760.06616211	1767.50048828	1766.28198242	6968.68688965	
2258.8503418	1741.40429688	1729.19262695	1810.4588623	1749.6796875	7030.73547363	
2258.90039062	1758.85852051	1728.36083984	1819.31066895	1782.86181641	7089.3918457	
2258.95019531	1767.73840332	1738.7845459	1827.82226562	1907.9576416	7242.30285645	
2259.00024414	1812.13098145	1854.84777832	1743.10388184	1874.68139648	7284.76403809	
2259.05029297	1822.25561523	1812.35314941	1758.9107666	1832.15661621	7225.67614746	
2259.1003418	1857.53588867	1817.4753418	1837.94763184	1886.7713623	7399.73022461	
2259.15039062	1863.0838623	1840.86608887	1844.5222168	1898.51135254	7446.98352051	
2259.20019531	1914.01281738	1802.20007324	1951.67150879	1876.16003418	7544.04443359	
2259.25024414	1820.12817383	1853.76318359	1876.8392334	1870.37036133	7421.10095215	
2259.30029297	1939.64904785	1926.88391113	1900.94165039	1887.35253906	7654.82714844	
2259.3503418	1956.19592285	1945.89819336	1938.5892334	1877.0970459	7717.78039551	
2259.40039062	1943.54626465	1970.17736816	1954.89868164	2032.2677002	7900.89001465	
2259.45019531	1934.68139648	1954.12097168	1965.42431641	2098.02099609	7952.24768066	
2259.50024414	2031.38391113	2000.19641113	2003.95776367	1977.53210449	8013.07019043	
2259.55029297	2048.75537109	1954.93017578	1988.65270996	1954.24377441	7946.58203125	
2259.6003418	1990.74658203	2031.97839355	2088.23950195	2059.42944336	8170.3939209	
2259.65039062	2027.90234375	2042.6184082	2216.13696289	2068.89477539	8355.55249023	
2259.70019531	2040.05444336	2050.80395508	2130.3894043	2077.03930664	8298.28710938	
2259.75024414	2102.33349609	2188.18579102	2106.57177734	2165.08349609	8562.17456055	
2259.80029297	2152.44140625	2178.828125	2140.78588867	2165.46679688	8637.5222168	
2259.8503418	2157.89282227	2112.81103516	2179.39624023	2138.24316406	8588.34326172	
2259.90039062	2201.01855469	2169.0378418	2279.9753418	2157.1706543	8807.20239258	
2259.95019531	2200.39624023	2235.84082031	2231.08154297	2184.21704102	8851.53564453	
2260.00024414	2258.02661133	2279.62792969	2308.04003906	2202.04931641	9047.74389648	
2260.05029297	2310.05834961	2272.10131836	2258.52685547	2280.64794922	9121.33447266	
2260.1003418	2318.75488281	2326.90185547	2226.12768555	2277.75244141	9149.53686523	
2260.15039062	2305.20898438	2275.56982422	2307.24169922	2329.25341797	9217.27392578	
2260.20019531	2318.33203125	2242.14282227	2326.60766602	2379.72412109	9266.80664062	
2260.25024414	2344.78125	2315.22143555	2298.32763672	2390.68725586	9349.01757812	
2260.30029297	2382.11376953	2385.54394531	2395.96264648	2426.54321289	9590.16357422	
2260.3503418	2410.33032227	2480.87329102	2445.3671875	2422.18212891	9758.75292969	
2260.40039062	2401.32788086	2402.86987305	2467.02392578	2480.01049805	9751.23217773	
2260.45019531	2438.64624023	2529.70654297	2455.98168945	2500.71337891	9925.04785156	
2260.50024414	2543.52197266	2565.61743164	2445.12817383	2466.94506836	10021.2126465	
2260.55029297	2546.20849609	2515.71801758	2527.11499023	2474.04736328	10063.0888672	
2260.6003418	2562.31713867	2598.3828125	2551.7668457	2458.87597656	10171.3427734	
2260.65039062	2581.8215332	2606.64526367	2546.01538086	2545.46142578	10279.9436035	
2260.70019531	2601.83837891	2570.66870117	2589.31445312	2609.37084961	10371.1923828	
2260.75024414	2583.99487305	2549.25634766	2573.10229492	2566.29199219	10272.6455078	
2260.80029297	2579.04150391	2638.33398438	2642.8137207	2695.7578125	10555.9470215	
2260.8503418	2695.8125	2698.3996582	2688.0559082	2676.18505859	10758.453125	
2260.90039062	2666.48779297	2735.8293457	2797.09033203	2695.21850586	10894.6259766	
2260.95019531	2751.32836914	2686.00317383	2657.89404297	2817.77075195	10912.9963379	
2261.00024414	2761.80175781	2702.30029297	2674.17944336	2803.58227539	10941.8637695	
2261.05029297	2796.42724609	2818.95947266	2729.11352539	2691.84130859	11036.3415527	
2261.1003418	2789.84716797	2778.34228516	2799.76416016	2742.9440918	11110.8977051	
2261.15039062	2772.83422852	2743.86816406	2804.95703125	2818.84790039	11140.5073242	
2261.20019531	2933.66748047	2813.2734375	2848.37084961	2857.19433594	11452.5061035	
2261.25024414	2922.4387207	2919.33569336	2945.07080078	2881.93823242	11668.7834473	
2261.30029297	2893.80761719	2835.98583984	2986.17822266	2821.94506836	11537.916748	
2261.3503418	2926.25708008	2977.19677734	2950.04052734	2877.93603516	11731.4304199	
2261.40039062	3002.69946289	2909.61547852	3022.04833984	2838.24926758	11772.6125488	
2261.45019531	2993.90795898	2849.78173828	3031.36474609	2948.94921875	11824.0036621	
2261.50024414	3041.20800781	2970.06201172	3107.93212891	2926.68774414	12045.8898926	
2261.55029297	2971.49291992	3008.66992188	3061.6887207	3001.81103516	12043.6625977	
2261.6003418	3102.86523438	3035.05297852	3090.84179688	3007.10571289	12235.8657227	
2261.65039062	3143.23950195	3065.71142578	3164.56347656	3087.29760742	12460.8120117	
2261.70019531	3084.8425293	3034.21459961	3130.02001953	2975.40087891	12224.4780273	
2261.75024414	3075.12768555	3121.54614258	3116.49414062	3033.40551758	12346.5734863	
2261.80029297	3098.48583984	3137.18066406	3236.67895508	3167.95410156	12640.2995605	
2261.8503418	3101.5715332	3185.36694336	3196.91821289	3159.94116211	12643.7978516	
2261.90039062	3147.69580078	3190.26977539	3180.15820312	3093.74560547	12611.8693848	
2261.95019531	3280.87988281	3164.39111328	3339.11791992	3186.63549805	12971.0244141	
2262.00024414	3317.12915039	3290.71362305	3285.65380859	3139.36791992	13032.864502	
2262.05029297	3271.42895508	3242.03442383	3278.08007812	3178.36157227	12969.9050293	
2262.1003418	3245.79443359	3244.05493164	3271.62597656	3277.76416016	13039.239502	
2262.15039062	3331.87939453	3423.12817383	3266.77319336	3369.87060547	13391.6513672	
2262.20019531	3425.5925293	3419.40869141	3381.75170898	3374.88745117	13601.6403809	
2262.25024414	3509.58227539	3350.18017578	3469.49316406	3354.15454102	13683.4101562	
2262.30029297	3320.36694336	3368.45141602	3437.18603516	3421.09179688	13547.0961914	
2262.3503418	3280.62011719	3419.01318359	3429.00244141	3461.18017578	13589.815918	
2262.40039062	3418.93432617	3481.15625	3459.72192383	3369.24658203	13729.059082	
2262.45019531	3515.74243164	3446.10131836	3369.6628418	3422.73608398	13754.2426758	
2262.50024414	3708.65454102	3549.68115234	3508.09619141	3496.73046875	14263.1623535	
2262.55029297	3580.89599609	3572.37915039	3479.37670898	3547.06835938	14179.7202148	
2262.6003418	3549.15063477	3626.49926758	3505.22241211	3587.34399414	14268.2163086	
2262.65039062	3573.02294922	3519.40820312	3527.42578125	3573.17285156	14193.0297852	
2262.70019531	3641.2331543	3555.56054688	3632.64306641	3593.18310547	14422.619873	
2262.75024414	3639.99365234	3605.34716797	3673.8046875	3687.3684082	14606.513916	
2262.80029297	3607.89941406	3678.20239258	3602.09667969	3629.25390625	14517.4523926	
2262.8503418	3633.54394531	3539.2980957	3674.4934082	3633.77539062	14481.1108398	
2262.90039062	3622.38208008	3701.57836914	3692.62939453	3696.39746094	14712.9873047	
2262.95019531	3655.59057617	3702.5168457	3704.27758789	3597.08154297	14659.4665527	
2263.00024414	3629.265625	3687.07739258	3663.0234375	3589.42431641	14568.7907715	
2263.05029297	3776.90551758	3720.13916016	3694.75854492	3753.97241211	14945.7756348	
2263.1003418	3709.90429688	3783.49438477	3696.59423828	3663.87866211	14853.871582	
2263.15039062	3570.2097168	3641.27001953	3634.74633789	3681.27734375	14527.503418	
2263.20019531	3630.67456055	3607.95874023	3558.58251953	3603.00341797	14400.2192383	
2263.25024414	3632.88476562	3636.90942383	3771.41503906	3698.25585938	14739.4650879	
2263.30029297	3572.94165039	3618.76635742	3709.38378906	3691.79541016	14592.887207	
2263.3503418	3586.41137695	3559.50634766	3611.61987305	3731.30712891	14488.8447266	
2263.40039062	3611.29638672	3528.22949219	3582.640625	3606.81616211	14328.982666	
2263.45019531	3627.88452148	3540.81079102	3537.17773438	3620.40332031	14326.2763672	
2263.50024414	3589.26538086	3471.92382812	3640.45898438	3532.82446289	14234.4726562	
2263.55029297	3522.38208008	3469.20849609	3586.35522461	3551.41015625	14129.355957	
2263.6003418	3523.81567383	3554.10742188	3514.66577148	3531.73486328	14124.3237305	
2263.65039062	3484.21875	3654.40014648	3454.61132812	3519.65795898	14112.8881836	
2263.70019531	3390.96484375	3513.18457031	3439.1809082	3479.66894531	13822.9992676	
2263.75024414	3407.6652832	3452.73754883	3413.3046875	3476.31665039	13750.0241699	
2263.80029297	3467.90039062	3430.32666016	3325.53808594	3532.2722168	13756.0373535	
2263.8503418	3384.5690918	3270.34082031	3437.36401367	3490.72436523	13582.998291	
2263.90039062	3381.03613281	3346.94677734	3310.16650391	3414.92773438	13453.0771484	
2263.95019531	3298.9621582	3396.35864258	3351.86499023	3424.39819336	13471.5839844	
2264.00024414	3274.34326172	3334.38964844	3371.18457031	3317.30517578	13297.2226562	
2264.05029297	3323.65454102	3273.2019043	3416.7109375	3302.18310547	13315.7504883	
2264.1003418	3347.0625	3311.4152832	3404.12524414	3364.68725586	13427.2902832	
2264.15039062	3260.72875977	3278.64038086	3291.4375	3257.1328125	13087.9394531	
2264.20019531	3289.73486328	3233.46850586	3222.77270508	3185.76220703	12931.7382812	
2264.25024414	3334.40942383	3293.17431641	3385.24511719	3255.43334961	13268.262207	
2264.30029297	3283.29248047	3251.17211914	3296.37841797	3202.42700195	13033.2700195	
2264.3503418	3227.21411133	3148.43334961	3306.35913086	3235.67578125	12917.682373	
2264.40039062	3201.62646484	3338.22827148	3245.18359375	3220.39697266	13005.4353027	
2264.45019531	3188.31079102	3227.01489258	3299.02172852	3186.36132812	12900.7087402	
2264.50024414	3126.4519043	3296.58227539	3234.05273438	3243.87719727	12900.9641113	
2264.55029297	3128.74267578	3268.23071289	3235.37353516	3236.1184082	12868.465332	
2264.6003418	3280.44189453	3229.69555664	3183.61352539	3289.12695312	12982.8779297	
2264.65039062	3141.63256836	3325.09667969	3194.03710938	3319.22387695	12979.9902344	
2264.70019531	3220.82592773	3319.29467773	3286.74462891	3226.97753906	13053.8427734	
2264.75024414	3252.39672852	3317.4152832	3213.78564453	3276.12597656	13059.7236328	
2264.80029297	3272.92626953	3366.9765625	3243.83422852	3298.58227539	13182.3193359	
2264.8503418	3336.74902344	3329.77783203	3403.76782227	3268.92700195	13339.2216797	
2264.90039062	3397.75268555	3356.47436523	3298.74536133	3264.40820312	13317.3806152	
2264.95019531	3429.92431641	3456.50610352	3422.11645508	3357.25976562	13665.8066406	
2265.00024414	3447.85766602	3412.97802734	3345.91870117	3510.57861328	13717.3330078	
2265.05029297	3440.07299805	3482.36010742	3539.50585938	3484.48510742	13946.4240723	
2265.1003418	3452.30639648	3422.68701172	3554.9934082	3521.77050781	13951.7573242	
2265.15039062	3418.09326172	3467.15649414	3472.55859375	3556.08227539	13913.890625	
2265.20019531	3531.70898438	3432.33569336	3497.29272461	3528.51147461	13989.848877	
2265.25024414	3575.21044922	3507.28881836	3605.4074707	3717.95996094	14405.8666992	
2265.30029297	3653.31835938	3618.70556641	3598.36425781	3672.6003418	14542.9885254	
2265.3503418	3669.23291016	3589.85742188	3668.49755859	3650.71191406	14578.2998047	
2265.40039062	3712.07470703	3714.37231445	3696.36083984	3645.265625	14768.0734863	
2265.45019531	3801.49487305	3736.41650391	3727.5300293	3707.23535156	14972.6767578	
2265.50024414	3849.16918945	3788.45068359	3765.90869141	3787.90087891	15191.4294434	
2265.55029297	3856.1574707	3848.94482422	3954.74023438	3814.93359375	15474.776123	
2265.6003418	3978.61767578	3928.11523438	3957.84960938	3679.9675293	15544.5500488	
2265.65039062	3964.84472656	3970.703125	3903.82470703	3955.8972168	15795.2697754	
2265.70019531	3982.85375977	4025.61816406	3970.14404297	3949.8293457	15928.4453125	
2265.75024414	4044.47607422	4075.33984375	4045.29125977	3998.49707031	16163.604248	
2265.80029297	4143.19335938	4141.12939453	4111.54736328	4038.10791016	16433.9780273	
2265.8503418	4123.38916016	4204.14941406	4179.95800781	4181.12158203	16688.6181641	
2265.90039062	4220.03955078	4178.94628906	4263.63232422	4162.39794922	16825.0161133	
2265.95019531	4265.27832031	4272.69091797	4183.96728516	4197.14550781	16919.0820312	
2266.00024414	4342.57080078	4292.57617188	4335.40966797	4256.00830078	17226.5649414	
2266.05029297	4372.3671875	4441.86425781	4398.91210938	4310.81933594	17523.9628906	
2266.1003418	4511.16992188	4441.22949219	4463.35009766	4376.21728516	17791.9667969	
2266.15039062	4619.04736328	4445.75439453	4452.90771484	4408.79345703	17926.5029297	
2266.20019531	4535.41015625	4462.19238281	4461.42578125	4450.24462891	17909.2729492	
2266.25024414	4609.24169922	4503.74609375	4509.47070312	4545.86181641	18168.3203125	
2266.30029297	4620.30371094	4565.00683594	4625.73046875	4579.38183594	18390.4228516	
2266.3503418	4668.17431641	4699.18066406	4570.14306641	4697.42529297	18634.9233398	
2266.40039062	4465.90332031	4681.03857422	4654.64111328	4705.96240234	18507.5454102	
2266.45019531	4672.26904297	4691.31005859	4724.44775391	4775.63574219	18863.6625977	
2266.50024414	4781.99169922	4624.34326172	4663.27294922	4744.20068359	18813.8085938	
2266.55029297	4852.37451172	4760.11132812	4821.46923828	4801.72509766	19235.6801758	
2266.6003418	4868.77539062	4811.13818359	4837.30761719	4803.35693359	19320.578125	
2266.65039062	4791.26318359	4882.57763672	4848.01611328	4847.81591797	19369.6728516	
2266.70019531	4896.51074219	4892.22314453	4967.03955078	4821.67236328	19577.4458008	
2266.75024414	4915.00341797	5023.13134766	5056.47558594	4878.97851562	19873.5888672	
2266.80029297	4921.51513672	4996.78955078	5027.75048828	4988.35595703	19934.4111328	
2266.8503418	4999.14550781	5079.02734375	4904.75976562	5006.52392578	19989.456543	
2266.90039062	4966.78222656	5030.1875	5029.96728516	4977.81396484	20004.7509766	
2266.95019531	5041.92333984	4945.88671875	5061.12402344	5090.77880859	20139.7128906	
2267.00024414	5178.77294922	5061.69873047	5089.37158203	5063.30957031	20393.152832	
2267.05029297	5097.40820312	5128.50830078	5101.93261719	5096.87109375	20424.7202148	
2267.1003418	5094.87792969	5206.38720703	5116.08398438	5200.77929688	20618.128418	
2267.15039062	5120.87109375	5209.14990234	5147.01660156	5261.18310547	20738.2207031	
2267.20019531	5205.62988281	5234.17578125	5159.52587891	5166.28564453	20765.6171875	
2267.25024414	5133.42626953	5132.46875	5222.06494141	5141.15136719	20629.1113281	
2267.30029297	5266.27490234	5262.17041016	5261.27636719	5165.21337891	20954.9350586	
2267.3503418	5230.953125	5430.03515625	5335.06640625	5148.43261719	21144.4873047	
2267.40039062	5232.38916016	5410.95458984	5354.79736328	5169.16699219	21167.3081055	
2267.45019531	5341.77587891	5362.58349609	5298.23681641	5245.984375	21248.5805664	
2267.50024414	5303.95947266	5314.61181641	5230.07910156	5362.44970703	21211.1000977	
2267.55029297	5288.39697266	5336.55908203	5298.22851562	5390.44042969	21313.625	
2267.6003418	5332.16113281	5446.86132812	5295.72802734	5361.01855469	21435.769043	
2267.65039062	5350.39013672	5430.01367188	5335.51806641	5415.78564453	21531.7075195	
2267.70019531	5391.90136719	5475.13183594	5466.03417969	5310.32128906	21643.3886719	
2267.75024414	5526.24414062	5391.17382812	5394.89160156	5348.69873047	21661.0083008	
2267.80029297	5453.27197266	5431.15527344	5425.9765625	5352.16894531	21662.5727539	
2267.8503418	5523.4140625	5460.62988281	5634.32470703	5563.67675781	22182.0454102	
2267.90039062	5615.41943359	5526.52001953	5577.640625	5557.93945312	22277.5195312	
2267.95019531	5634.14794922	5597.66894531	5533.03662109	5562.50634766	22327.3598633	
2268.00024414	5659.01953125	5645.92041016	5605.56738281	5565.77246094	22476.2797852	
2268.05029297	5579.71533203	5746.93310547	5576.23339844	5575.34619141	22478.2280273	
2268.1003418	5610.82421875	5761.21777344	5547.96533203	5651.09570312	22571.1030273	
2268.15039062	5656.79492188	5796.37646484	5705.36962891	5759.96972656	22918.5107422	
2268.20019531	5698.70800781	5796.94873047	5673.45068359	5631.51367188	22800.6210938	
2268.25024414	5694.74414062	5596.39648438	5712.75634766	5553.12597656	22557.0229492	
2268.30029297	5711.08544922	5782.77441406	5785.6953125	5644.29394531	22923.8491211	
2268.3503418	5656.04345703	5753.91601562	5738.77734375	5700.18603516	22848.9228516	
2268.40039062	5543.62353516	5653.88476562	5726.20214844	5648.70654297	22572.4169922	
2268.45019531	5466.72607422	5702.41210938	5692.1875	5634.33740234	22495.6630859	
2268.50024414	5579.55419922	5607.953125	5527.49462891	5546.25488281	22261.2568359	
2268.55029297	5646.11572266	5713.06591797	5489.06396484	5650.40576172	22498.6513672	
2268.6003418	5588.87646484	5743.93408203	5462.10253906	5671.04101562	22465.9541016	
2268.65039062	5513.22900391	5607.6640625	5544.40283203	5667.01269531	22332.3085938	
2268.70019531	5530.15332031	5651.24316406	5513.37744141	5374.97070312	22069.7446289	
2268.75024414	5598.52490234	5691.91748047	5568.82958984	5497.62207031	22356.894043	
2268.80029297	5500.21972656	5468.51513672	5476.04394531	5665.45458984	22110.2333984	
2268.8503418	5553.52636719	5565.33349609	5524.91357422	5543.20751953	22186.980957	
2268.90039062	5464.48242188	5461.88330078	5424.49121094	5461.10253906	21811.9594727	
2268.95019531	5436.80859375	5460.08154297	5343.94580078	5412.98291016	21653.8188477	
2269.00024414	5360.49560547	5337.5625	5395.22070312	5311.96044922	21405.2392578	
2269.05029297	5362.84082031	5377.69433594	5384.84033203	5464.47851562	21589.8540039	
2269.1003418	5317.72558594	5367.28564453	5160.94140625	5346.32861328	21192.28125	
2269.15039062	5235.77001953	5119.55615234	5160.94091797	5214.58447266	20730.8515625	
2269.20019531	5223.91845703	5235.46435547	5214.11474609	5154.31542969	20827.8129883	
2269.25024414	5126.86621094	5043.33154297	5067.90869141	5093.24462891	20331.3510742	
2269.30029297	4984.80810547	5025.75195312	4996.28173828	5032.1875	20039.0292969	
2269.3503418	4945.35644531	4955.78955078	4951.77880859	4899.49804688	19752.4228516	
2269.40039062	4926.51416016	4889.47851562	4797.14648438	4784.39501953	19397.5341797	
2269.45019531	4810.82324219	4911.90869141	4658.82568359	4668.66650391	19050.2241211	
2269.50024414	4661.01806641	4693.35693359	4590.71142578	4578.44042969	18523.5268555	
2269.55029297	4496.14794922	4740.53271484	4519.60791016	4409.20507812	18165.4936523	
2269.6003418	4355.56835938	4556.65625	4538.31396484	4408.56152344	17859.1000977	
2269.65039062	4351.99755859	4419.03564453	4381.76171875	4417.83349609	17570.628418	
2269.70019531	4271.36376953	4403.58935547	4296.87060547	4303.67871094	17275.5024414	
2269.75024414	4267.97216797	4241.45019531	4125.43994141	4315.23828125	16950.1005859	
2269.80029297	4122.01171875	4253.87646484	4143.18017578	4191.51660156	16710.5849609	
2269.8503418	4067.56323242	4112.21875	4178.45605469	4097.60205078	16455.8400879	
2269.90039062	3954.33154297	4091.50830078	3979.40991211	3998.0168457	16023.2666016	
2269.95019531	3901.46557617	4045.92602539	3970.17919922	3981.19482422	15898.765625	
2270.00024414	3765.85400391	3801.00830078	3955.671875	3842.9777832	15365.5119629	
2270.05029297	3755.74536133	3680.4152832	3797.24804688	3748.51000977	14981.9187012	
2270.1003418	3584.12060547	3726.86767578	3658.40698242	3615.11376953	14584.5090332	
2270.15039062	3446.71704102	3559.01318359	3554.88745117	3578.56738281	14139.1850586	
2270.20019531	3344.05810547	3392.02099609	3334.65209961	3385.1550293	13455.8862305	
2270.25024414	3167.48852539	3342.80834961	3161.31201172	3291.625	12963.2338867	
2270.30029297	3106.89428711	3089.50366211	3033.0065918	3062.03564453	12291.4401855	
2270.3503418	2916.35986328	2919.80395508	2969.24121094	2914.69799805	11720.1030273	
2270.40039062	2769.40332031	2864.50878906	2740.48120117	2675.79931641	11050.192627	
2270.45019531	2587.62109375	2503.30566406	2541.30297852	2524.89501953	10157.1247559	
2270.50024414	2358.79785156	2376.72363281	2365.64379883	2359.83935547	9461.00463867	
2270.55029297	2161.68920898	2177.01196289	2162.32568359	2239.88671875	8740.91357422	
2270.6003418	2017.6628418	1967.23522949	2120.30615234	2056.17114258	8161.37536621	
2270.65039062	1885.078125	1907.44030762	1907.05786133	1924.92321777	7624.49951172	
2270.70019531	1739.78942871	1732.29345703	1734.76965332	1694.63391113	6901.4864502	
2270.75024414	1583.13012695	1497.01403809	1578.5213623	1634.34448242	6293.01000977	
2270.80029297	1464.68786621	1501.53601074	1494.99731445	1490.17785645	5951.39904785	
2270.8503418	1375.00158691	1355.71582031	1347.60961914	1364.86669922	5443.19372559	
2270.90039062	1258.2421875	1268.98168945	1316.91894531	1329.52539062	5173.66821289	
2270.95019531	1178.953125	1183.45080566	1168.23718262	1213.20336914	4743.84448242	
2271.00024414	1094.22094727	1131.93505859	1146.62072754	1142.82971191	4515.60644531	
2271.05029297	984.465698242	1027.12451172	1022.84124756	1051.61206055	4086.04351807	
2271.1003418	995.553344727	968.18963623	1012.16271973	1010.04284668	3985.94854736	
2271.15039062	958.99230957	915.381530762	948.46105957	934.200561523	3757.03546143	
2271.20019531	900.964294434	912.475891113	897.852172852	917.330566406	3628.6229248	
2271.25024414	863.580566406	863.291931152	840.078735352	854.162719727	3421.11395264	
2271.30029297	820.649719238	779.037780762	809.396911621	830.643127441	3239.72753906	
2271.3503418	755.548583984	799.367797852	795.245849609	786.738647461	3136.90087891	
2271.40039062	661.541503906	743.608886719	768.007141113	778.172851562	2951.3303833	
2271.45019531	710.226318359	716.449279785	728.244018555	746.043457031	2900.96307373	
2271.50024414	679.198913574	670.147094727	687.985168457	692.750244141	2730.0814209	
2271.55029297	714.103149414	697.904907227	650.085754395	723.174072266	2785.2678833	
2271.6003418	717.91217041	651.284851074	656.667419434	642.004638672	2667.86907959	
2271.65039062	648.128723145	682.02331543	686.565612793	660.344665527	2677.06231689	
2271.70019531	604.317321777	622.881591797	655.282897949	672.625793457	2555.10760498	
2271.75024414	619.860961914	598.940856934	628.824645996	618.258178711	2465.88464355	
2271.80029297	642.705200195	616.073730469	617.401245117	629.303588867	2505.48376465	
2271.8503418	620.803344727	653.108032227	617.487670898	620.507751465	2511.90679932	
2271.90039062	621.215576172	635.526062012	583.244628906	617.844482422	2457.83074951	
2271.95019531	580.817138672	624.32611084	625.887084961	576.852416992	2407.88275146	
2272.00024414	547.692199707	572.015319824	620.520568848	540.554016113	2280.78210449	
2272.05029297	573.623413086	601.118530273	575.466430664	529.977478027	2280.18585205	
2272.1003418	590.391784668	586.809936523	577.116516113	562.920166016	2317.23840332	
2272.15039062	546.498413086	551.70501709	551.66229248	554.2734375	2204.13916016	
2272.20019531	546.213378906	520.138793945	538.136474609	511.606567383	2116.09521484	
2272.25024414	570.180358887	519.272033691	579.542114258	541.577331543	2210.57183838	
2272.30029297	553.24822998	555.702636719	573.469238281	535.465942383	2217.88604736	
2272.3503418	531.749938965	539.361694336	501.875549316	579.14074707	2152.12792969	
2272.40039062	517.239074707	525.47454834	500.524475098	534.37890625	2077.61700439	
2272.45019531	540.458618164	532.229553223	505.472045898	524.286132812	2102.4463501	
2272.50024414	547.350158691	519.219055176	528.875732422	516.443237305	2111.88818359	
2272.55029297	536.075378418	517.115966797	506.079681396	515.793334961	2075.06436157	
2272.6003418	560.397521973	519.726379395	521.017272949	495.793914795	2096.93508911	
2272.65039062	514.994567871	532.702880859	526.821655273	497.508666992	2072.027771	
2272.70019531	493.824188232	539.202514648	512.23614502	540.83972168	2086.10256958	
2272.75024414	552.636901855	540.682983398	506.699737549	537.249145508	2137.26876831	
2272.80029297	528.36730957	523.796325684	496.137359619	551.773803711	2100.07479858	
2272.8503418	505.911895752	530.066772461	527.163757324	536.121154785	2099.26358032	
2272.90039062	494.138793945	500.890716553	519.811645508	509.565612793	2024.4067688	
2272.95019531	521.88293457	502.784973145	529.568115234	511.848724365	2066.08474731	
2273.00024414	492.842681885	524.034423828	502.710266113	529.452697754	2049.04006958	
2273.05029297	534.454162598	512.084655762	498.728118896	503.359344482	2048.62628174	
2273.1003418	512.078063965	486.809692383	521.544189453	542.085510254	2062.51745605	
2273.15039062	495.721343994	491.795532227	493.866790771	516.645629883	1998.02929688	
2273.20019531	491.097290039	527.207519531	538.61505127	467.778961182	2024.69882202	
2273.25024414	555.832214355	486.634979248	521.081604004	515.711975098	2079.26077271	
2273.30029297	502.831207275	476.252319336	510.439422607	498.346038818	1987.86898804	
2273.3503418	508.379577637	517.231750488	516.402893066	495.217041016	2037.23126221	
2273.40039062	502.06149292	504.767242432	478.049865723	496.501251221	1981.37985229	
2273.45019531	494.775512695	484.444763184	489.765594482	520.717285156	1989.70315552	
2273.50024414	509.671325684	469.550323486	489.54208374	509.307922363	1978.07165527	
2273.55029297	464.385772705	511.512695312	478.368347168	501.185852051	1955.45266724	
2273.6003418	448.249969482	536.803161621	471.665557861	479.357177734	1936.0758667	
2273.65039062	459.167663574	495.152313232	467.849334717	473.077270508	1895.24658203	
2273.70019531	494.100708008	466.479736328	470.180114746	475.30456543	1906.06512451	
2273.75024414	501.558532715	479.798675537	493.063079834	504.698547363	1979.11883545	
2273.80029297	480.77166748	477.201690674	474.608459473	493.450805664	1926.03262329	
2273.8503418	495.185852051	481.859893799	504.867675781	499.078979492	1980.99240112	
2273.90039062	498.816833496	468.193969727	462.458740234	492.758514404	1922.22805786	
2273.95019531	515.28125	492.342712402	469.578125	456.323150635	1933.52523804	
2274.00024414	500.939605713	488.365020752	455.078948975	486.253692627	1930.63726807	
2274.05029297	480.57510376	470.286193848	499.455352783	483.117431641	1933.43408203	
2274.1003418	476.376617432	454.478942871	529.499267578	431.250396729	1891.60522461	
2274.15039062	459.795715332	460.993865967	483.170562744	458.099090576	1862.05923462	
2274.20019531	453.229980469	450.649353027	461.783416748	480.003814697	1845.66656494	
2274.25024414	468.638916016	498.832550049	472.682342529	465.54901123	1905.70281982	
2274.30029297	479.951141357	505.365936279	478.664398193	484.453582764	1948.43505859	
2274.3503418	480.951599121	495.095489502	466.282958984	477.62600708	1919.95605469	
2274.40039062	504.600219727	495.073394775	484.449066162	473.413269043	1957.53594971	
2274.45019531	464.893737793	452.817016602	477.137756348	502.85043335	1897.69894409	
2274.50024414	435.451812744	468.719268799	479.157592773	487.520355225	1870.84902954	
2274.55029297	480.775238037	456.117614746	505.211456299	457.780822754	1899.88513184	
2274.6003418	530.392333984	485.829650879	473.856994629	449.594909668	1939.67388916	
2274.65039062	480.893554688	484.247070312	457.379547119	439.621490479	1862.1416626	
2274.70019531	460.222991943	462.637664795	467.145385742	418.651947021	1808.6579895	
2274.75024414	427.791259766	439.304046631	433.055328369	467.950195312	1768.10083008	
2274.80029297	486.835784912	442.502227783	457.58795166	513.878051758	1900.80401611	
2274.8503418	490.508758545	467.077911377	470.682281494	500.850708008	1929.11965942	
2274.90039062	498.666992188	467.845031738	489.615692139	446.301452637	1902.4291687	
2274.95019531	450.684295654	467.159698486	466.388580322	483.977874756	1868.21044922	
2275.00024414	458.260406494	446.354156494	441.56262207	499.436309814	1845.61349487	
2275.05029297	495.213195801	496.530975342	428.724578857	496.117553711	1916.58630371	
2275.1003418	452.03237915	478.492279053	477.821594238	449.748016357	1858.0942688	
2275.15039062	450.298309326	452.924194336	468.059143066	466.257202148	1837.53884888	
2275.20019531	445.291107178	481.672088623	447.938262939	430.722930908	1805.62438965	
2275.25024414	455.455810547	453.023529053	466.140441895	467.28414917	1841.90393066	
2275.30029297	471.690338135	451.649932861	490.984985352	477.159545898	1891.48480225	
2275.3503418	446.808319092	448.65411377	496.399200439	442.68862915	1834.55026245	
2275.40039062	452.114379883	429.546142578	503.880767822	491.462463379	1877.00375366	
2275.45019531	458.037780762	480.174133301	443.448181152	447.68661499	1829.34671021	
2275.50024414	441.111694336	443.863067627	451.938018799	488.599884033	1825.51266479	
2275.55029297	414.955718994	459.881164551	468.082275391	444.607574463	1787.5267334	
2275.6003418	428.825469971	493.507843018	471.822570801	420.980529785	1815.13641357	
2275.65039062	454.877685547	467.629760742	462.271972656	445.319366455	1830.0987854	
2275.70019531	472.054901123	488.794403076	450.672485352	465.322601318	1876.84439087	
2275.75024414	452.348175049	424.505645752	449.913543701	485.979034424	1812.74639893	
2275.80029297	470.031524658	450.545227051	469.836425781	468.18737793	1858.60055542	
2275.8503418	469.537902832	468.361175537	477.078033447	485.038208008	1900.01531982	
2275.90039062	492.274688721	452.340484619	467.825195312	468.075744629	1880.51611328	
2275.95019531	454.951263428	472.287872314	516.983337402	489.514007568	1933.73648071	
2275.95019531	454.951263428	472.287872314	516.983337402	489.514007568	1933.73648071	