Energy	Sweep0	Sweep1	Sum
1872.00024414	1564.94091797	1549.9720459	3114.91296387	
1872.05029297	1553.53869629	1521.22521973	3074.76391602	
1872.10021973	1534.69567871	1571.36621094	3106.06188965	
1872.15026855	1506.74328613	1552.47558594	3059.21887207	
1872.20031738	1606.70288086	1554.37805176	3161.08093262	
1872.25024414	1543.44592285	1561.86499023	3105.31091309	
1872.30029297	1561.76269531	1577.45837402	3139.22106934	
1872.35021973	1512.3671875	1515.359375	3027.7265625	
1872.40026855	1620.22131348	1539.87609863	3160.09741211	
1872.45031738	1591.89318848	1555.68115234	3147.57434082	
1872.50024414	1508.36462402	1579.81958008	3088.1842041	
1872.55029297	1519.07287598	1477.32275391	2996.39562988	
1872.60021973	1501.64001465	1471.61181641	2973.25183105	
1872.65026855	1492.01745605	1530.75073242	3022.76818848	
1872.70031738	1527.04382324	1510.19897461	3037.24279785	
1872.75024414	1576.15014648	1555.7277832	3131.87792969	
1872.80029297	1508.61413574	1590.30517578	3098.91931152	
1872.85021973	1486.46105957	1593.08007812	3079.5411377	
1872.90026855	1460.53771973	1520.03112793	2980.56884766	
1872.95031738	1519.74133301	1495.25756836	3014.99890137	
1873.00024414	1493.85900879	1567.8013916	3061.66040039	
1873.05029297	1536.98205566	1622.49316406	3159.47521973	
1873.10021973	1518.70031738	1578.71118164	3097.41149902	
1873.15026855	1484.3626709	1492.24035645	2976.60302734	
1873.20031738	1555.78039551	1484.46594238	3040.24633789	
1873.25024414	1523.26135254	1517.9666748	3041.22802734	
1873.30029297	1505.9296875	1612.77966309	3118.70935059	
1873.35021973	1538.0958252	1579.02990723	3117.12573242	
1873.40026855	1505.97167969	1508.93591309	3014.90759277	
1873.45031738	1553.98950195	1498.1574707	3052.14697266	
1873.50024414	1518.74719238	1515.22875977	3033.97595215	
1873.55029297	1528.03918457	1526.53625488	3054.57543945	
1873.60021973	1529.77697754	1564.68652344	3094.46350098	
1873.65026855	1472.0871582	1525.0291748	2997.11633301	
1873.70031738	1471.78198242	1508.44934082	2980.23132324	
1873.75024414	1541.98156738	1488.32531738	3030.30688477	
1873.80029297	1504.75915527	1492.1361084	2996.89526367	
1873.85021973	1529.12524414	1485.26293945	3014.38818359	
1873.90026855	1541.40612793	1491.82055664	3033.22668457	
1873.95031738	1464.82836914	1495.96069336	2960.7890625	
1874.00024414	1452.87084961	1557.86486816	3010.73571777	
1874.05029297	1508.50317383	1585.26586914	3093.76904297	
1874.10021973	1498.56469727	1536.90551758	3035.47021484	
1874.15026855	1498.94567871	1515.87341309	3014.8190918	
1874.20031738	1530.14172363	1496.90759277	3027.04931641	
1874.25024414	1514.98059082	1498.11450195	3013.09509277	
1874.30029297	1520.12341309	1407.10241699	2927.22583008	
1874.35021973	1561.24658203	1460.65234375	3021.89892578	
1874.40026855	1519.31396484	1529.16394043	3048.47790527	
1874.45031738	1541.19726562	1488.63427734	3029.83154297	
1874.50024414	1504.43591309	1458.72595215	2963.16186523	
1874.55029297	1556.98510742	1538.19384766	3095.17895508	
1874.60021973	1503.62792969	1477.3536377	2980.98156738	
1874.65026855	1451.83166504	1506.04333496	2957.875	
1874.70031738	1488.37597656	1530.46459961	3018.84057617	
1874.75024414	1510.54650879	1499.29724121	3009.84375	
1874.80029297	1486.41308594	1520.9486084	3007.36169434	
1874.85021973	1532.94702148	1455.84143066	2988.78845215	
1874.90026855	1500.88378906	1537.93981934	3038.8236084	
1874.95031738	1530.72338867	1489.36608887	3020.08947754	
1875.00024414	1469.9519043	1471.74621582	2941.69812012	
1875.05029297	1509.11669922	1410.68566895	2919.80236816	
1875.10021973	1515.20141602	1458.05175781	2973.25317383	
1875.15026855	1502.71594238	1516.97216797	3019.68811035	
1875.20031738	1522.2857666	1496.58984375	3018.87561035	
1875.25024414	1523.89123535	1474.11987305	2998.0111084	
1875.30029297	1519.99462891	1470.57116699	2990.5657959	
1875.35021973	1481.73120117	1491.34057617	2973.07177734	
1875.40026855	1470.40283203	1493.66125488	2964.06408691	
1875.45031738	1507.26464844	1508.50036621	3015.76501465	
1875.50024414	1468.5958252	1516.35656738	2984.95239258	
1875.55029297	1489.95812988	1516.38415527	3006.34228516	
1875.60021973	1459.5378418	1529.35205078	2988.88989258	
1875.65026855	1492.07141113	1527.21496582	3019.28637695	
1875.70031738	1444.3416748	1551.99938965	2996.34106445	
1875.75024414	1483.00427246	1507.29504395	2990.29931641	
1875.80029297	1515.19885254	1544.24597168	3059.44482422	
1875.85021973	1577.89672852	1563.73657227	3141.63330078	
1875.90026855	1607.609375	1519.24499512	3126.85437012	
1875.95031738	1526.99902344	1527.06945801	3054.06848145	
1876.00024414	1560.86901855	1556.1706543	3117.03967285	
1876.05029297	1629.84692383	1464.36315918	3094.21008301	
1876.10021973	1589.5213623	1554.41674805	3143.93811035	
1876.15026855	1519.60241699	1549.59460449	3069.19702148	
1876.20031738	1610.2779541	1594.90270996	3205.18066406	
1876.25024414	1589.73474121	1645.96325684	3235.69799805	
1876.30029297	1614.83129883	1644.54443359	3259.37573242	
1876.35021973	1584.39038086	1654.27856445	3238.66894531	
1876.40026855	1677.80407715	1628.47717285	3306.28125	
1876.45031738	1659.43554688	1612.52416992	3271.9597168	
1876.50024414	1673.37329102	1603.95935059	3277.3326416	
1876.55029297	1675.58764648	1600.75683594	3276.34448242	
1876.60021973	1631.64025879	1708.84924316	3340.48950195	
1876.65026855	1670.61621094	1677.88122559	3348.49743652	
1876.70031738	1668.76940918	1726.56616211	3395.33557129	
1876.75024414	1746.21191406	1782.28857422	3528.50048828	
1876.80029297	1810.1854248	1847.82226562	3658.00769043	
1876.85021973	1815.86242676	1919.57714844	3735.4395752	
1876.90026855	1871.27954102	1886.59118652	3757.87072754	
1876.95031738	1896.94763184	1924.2097168	3821.15734863	
1877.00024414	1891.58422852	1899.67980957	3791.26403809	
1877.05029297	2043.4317627	1981.8170166	4025.2487793	
1877.10021973	2022.84375	2024.8848877	4047.7286377	
1877.15026855	2030.2199707	2034.23376465	4064.45373535	
1877.20031738	2040.41711426	2122.02539062	4162.44250488	
1877.25024414	2059.5534668	2090.84008789	4150.39355469	
1877.30029297	2119.88134766	2110.19750977	4230.07885742	
1877.35021973	2150.80688477	2149.45849609	4300.26538086	
1877.40026855	2226.23388672	2202.78857422	4429.02246094	
1877.45031738	2231.97167969	2229.82592773	4461.79760742	
1877.50024414	2271.0378418	2330.08862305	4601.12646484	
1877.55029297	2271.05419922	2383.44262695	4654.49682617	
1877.60021973	2291.87231445	2404.50073242	4696.37304688	
1877.65026855	2462.13696289	2407.45556641	4869.5925293	
1877.70031738	2433.37036133	2484.49731445	4917.86767578	
1877.75024414	2499.16650391	2488.58642578	4987.75292969	
1877.80029297	2512.59130859	2479.41674805	4992.00805664	
1877.85021973	2600.92822266	2559.96484375	5160.89306641	
1877.90026855	2607.68212891	2592.85546875	5200.53759766	
1877.95031738	2599.24316406	2608.44189453	5207.68505859	
1878.00024414	2666.15454102	2684.97827148	5351.1328125	
1878.05029297	2638.12133789	2656.19262695	5294.31396484	
1878.10021973	2701.97436523	2753.51245117	5455.48681641	
1878.15026855	2817.36767578	2784.09448242	5601.4621582	
1878.20031738	2785.46289062	2771.92236328	5557.38525391	
1878.25024414	2835.45239258	2792.82861328	5628.28100586	
1878.30029297	2912.52368164	2833.9609375	5746.48461914	
1878.35021973	2884.921875	2839.44702148	5724.36889648	
1878.40026855	2781.73120117	2855.75830078	5637.48950195	
1878.45031738	2900.37768555	2875.58569336	5775.96337891	
1878.50024414	2904.27246094	2860.51635742	5764.78881836	
1878.55029297	2790.58520508	2876.32885742	5666.9140625	
1878.60021973	2833.99804688	2850.20947266	5684.20751953	
1878.65026855	2888.84008789	2948.00610352	5836.84619141	
1878.70031738	2898.56274414	2973.20141602	5871.76416016	
1878.75024414	2964.21411133	2941.74169922	5905.95581055	
1878.80029297	2946.81860352	3016.92382812	5963.74243164	
1878.85021973	2880.01049805	2952.296875	5832.30737305	
1878.90026855	2936.22192383	2978.92016602	5915.14208984	
1878.95031738	2829.68041992	2916.20410156	5745.88452148	
1879.00024414	2858.87182617	2956.79125977	5815.66308594	
1879.05029297	2817.36230469	2876.30371094	5693.66601562	
1879.10021973	2838.46777344	2948.22143555	5786.68920898	
1879.15026855	2891.47607422	2964.32519531	5855.80126953	
1879.20031738	2981.22558594	2983.43017578	5964.65576172	
1879.25024414	3057.57568359	3044.72216797	6102.29785156	
1879.30029297	3026.27661133	2993.10498047	6019.3815918	
1879.35021973	3162.62670898	3213.76635742	6376.39306641	
1879.40026855	3203.22607422	3210.49902344	6413.72509766	
1879.45031738	3303.02807617	3299.18603516	6602.21411133	
1879.50024414	3454.15112305	3530.95556641	6985.10668945	
1879.55029297	3577.0078125	3578.18334961	7155.19116211	
1879.60021973	3830.8894043	3774.62548828	7605.51489258	
1879.65026855	3960.01367188	4001.52368164	7961.53735352	
1879.70031738	4093.93994141	4277.99462891	8371.93457031	
1879.75024414	4498.91503906	4540.20117188	9039.11621094	
1879.80029297	4890.55273438	4838.60253906	9729.15527344	
1879.85021973	5226.51806641	5056.49658203	10283.0146484	
1879.90026855	5508.61376953	5419.85205078	10928.4658203	
1879.95031738	5919.93115234	5806.99560547	11726.9267578	
1880.00024414	6107.71191406	6200.44824219	12308.1601562	
1880.05029297	6403.28662109	6579.11914062	12982.4057617	
1880.10021973	6775.07568359	6803.40722656	13578.4829102	
1880.15026855	7293.45166016	7082.75732422	14376.2089844	
1880.20031738	7385.46240234	7431.77441406	14817.2368164	
1880.25024414	7734.88818359	7637.90576172	15372.7939453	
1880.30029297	7943.78076172	7887.38330078	15831.1640625	
1880.35021973	8028.93017578	8004.43310547	16033.3632812	
1880.40026855	8250.76757812	8125.89648438	16376.6640625	
1880.45031738	8181.53857422	8094.71679688	16276.2553711	
1880.50024414	8077.37158203	8128.70263672	16206.0742188	
1880.55029297	7909.50683594	8170.34326172	16079.8500977	
1880.60021973	7933.91357422	7941.51611328	15875.4296875	
1880.65026855	7795.015625	7658.70996094	15453.7255859	
1880.70031738	7460.96337891	7466.03320312	14926.996582	
1880.75024414	7144.69140625	7136.52783203	14281.2192383	
1880.80029297	7120.88427734	6838.48486328	13959.3691406	
1880.85021973	6593.24365234	6675.19482422	13268.4384766	
1880.90026855	6266.10449219	6397.46582031	12663.5703125	
1880.95031738	5885.83984375	5904.39257812	11790.2324219	
1881.00024414	5547.16503906	5597.2578125	11144.4228516	
1881.05029297	5205.88134766	5082.50927734	10288.390625	
1881.10021973	4895.83691406	4808.48632812	9704.32324219	
1881.15026855	4518.96435547	4505.37597656	9024.34033203	
1881.20031738	4192.69580078	4180.24365234	8372.93945312	
1881.25024414	3924.8293457	3850.89355469	7775.72290039	
1881.30029297	3612.78857422	3588.58691406	7201.37548828	
1881.35021973	3366.70727539	3371.10913086	6737.81640625	
1881.40026855	3209.28100586	3068.96435547	6278.24536133	
1881.45031738	2821.62475586	2829.93774414	5651.5625	
1881.50024414	2712.04296875	2731.52172852	5443.56469727	
1881.55029297	2507.75927734	2474.73950195	4982.4987793	
1881.60021973	2366.23071289	2313.71923828	4679.94995117	
1881.65026855	2220.96240234	2186.06665039	4407.02905273	
1881.70031738	2051.70288086	2117.25292969	4168.95581055	
1881.75024414	2005.02966309	2022.7331543	4027.76281738	
1881.80029297	1959.31030273	1898.00134277	3857.31164551	
1881.85021973	1820.55444336	1836.93994141	3657.49438477	
1881.90026855	1830.64404297	1767.71350098	3598.35754395	
1881.95031738	1769.88110352	1656.70092773	3426.58203125	
1882.00024414	1643.13110352	1689.26879883	3332.39990234	
1882.05029297	1610.06921387	1686.41882324	3296.48803711	
1882.10021973	1622.60351562	1647.16967773	3269.77319336	
1882.15026855	1558.28149414	1610.56274414	3168.84423828	
1882.20031738	1607.36376953	1526.78747559	3134.15124512	
1882.25024414	1587.46508789	1517.72094727	3105.18603516	
1882.30029297	1566.90014648	1462.77307129	3029.67321777	
1882.35021973	1529.83972168	1518.85656738	3048.69628906	
1882.40026855	1587.53564453	1539.91796875	3127.45361328	
1882.45031738	1544.03479004	1536.54724121	3080.58203125	
1882.50024414	1560.11779785	1538.3269043	3098.44470215	
1882.55029297	1541.97265625	1513.72290039	3055.69555664	
1882.60021973	1490.99206543	1502.51367188	2993.5057373	
1882.65026855	1490.10192871	1549.28405762	3039.38598633	
1882.70031738	1451.91931152	1590.19030762	3042.10961914	
1882.75024414	1441.32165527	1444.01171875	2885.33337402	
1882.80029297	1509.62158203	1480.72753906	2990.34912109	
1882.85021973	1474.2479248	1515.06433105	2989.31225586	
1882.90026855	1470.87854004	1464.11743164	2934.99597168	
1882.95031738	1481.46582031	1481.12768555	2962.59350586	
1883.00024414	1478.81665039	1464.66259766	2943.47924805	
1883.05029297	1465.60876465	1437.20922852	2902.81799316	
1883.10021973	1480.92248535	1421.48730469	2902.40979004	
1883.15026855	1456.40026855	1493.48925781	2949.88952637	
1883.20031738	1417.52319336	1482.22521973	2899.74841309	
1883.25024414	1413.04003906	1458.69946289	2871.73950195	
1883.30029297	1451.1282959	1389.18945312	2840.31774902	
1883.35021973	1485.86193848	1438.33789062	2924.1998291	
1883.40026855	1418.75427246	1467.1171875	2885.87145996	
1883.45031738	1391.02404785	1471.31506348	2862.33911133	
1883.50024414	1398.06616211	1456.32763672	2854.39379883	
1883.55029297	1474.81188965	1480.88244629	2955.69433594	
1883.60021973	1401.26416016	1504.38635254	2905.6505127	
1883.65026855	1407.04089355	1444.00048828	2851.04138184	
1883.70031738	1487.08972168	1507.83325195	2994.92297363	
1883.75024414	1420.57177734	1450.16711426	2870.7388916	
1883.80029297	1395.36132812	1452.54797363	2847.90930176	
1883.85021973	1430.75891113	1479.79052734	2910.54943848	
1883.90026855	1476.91796875	1415.70568848	2892.62365723	
1883.95031738	1473.16931152	1391.30102539	2864.47033691	
1884.00024414	1405.08776855	1412.43835449	2817.52612305	
1884.05029297	1501.32324219	1430.19042969	2931.51367188	
1884.10021973	1419.45898438	1454.60571289	2874.06469727	
1884.15026855	1430.98120117	1438.05725098	2869.03845215	
1884.20031738	1504.06018066	1424.57971191	2928.63989258	
1884.25024414	1589.66821289	1469.74450684	3059.41271973	
1884.30029297	1495.65466309	1463.72692871	2959.3815918	
1884.35021973	1459.82055664	1415.20605469	2875.02661133	
1884.40026855	1417.26147461	1464.06396484	2881.32543945	
1884.45031738	1479.5201416	1517.23706055	2996.75720215	
1884.50024414	1498.48522949	1478.37353516	2976.85876465	
1884.55029297	1383.58068848	1459.14331055	2842.72399902	
1884.60021973	1462.10839844	1404.34924316	2866.4576416	
1884.65026855	1427.92932129	1457.82214355	2885.75146484	
1884.70031738	1481.66723633	1467.48974609	2949.15698242	
1884.75024414	1454.74926758	1419.96850586	2874.71777344	
1884.80029297	1391.26538086	1329.03991699	2720.30529785	
1884.85021973	1446.64575195	1435.6439209	2882.28967285	
1884.90026855	1429.10656738	1470.62194824	2899.72851562	
1884.95031738	1447.7935791	1463.25158691	2911.04516602	
1885.00024414	1457.45080566	1462.63012695	2920.08093262	
1885.05029297	1384.27197266	1423.72570801	2807.99768066	
1885.10021973	1369.85644531	1427.57324219	2797.4296875	
1885.15026855	1393.34338379	1407.96374512	2801.30712891	
1885.20031738	1425.29699707	1398.70214844	2823.99914551	
1885.25024414	1400.29284668	1466.72412109	2867.01696777	
1885.30029297	1418.11486816	1443.36242676	2861.47729492	
1885.35021973	1432.94519043	1448.22790527	2881.1730957	
1885.40026855	1439.60766602	1447.84875488	2887.4564209	
1885.45031738	1437.13598633	1423.46313477	2860.59912109	
1885.50024414	1412.86499023	1434.22253418	2847.08752441	
1885.55029297	1372.77087402	1401.99938965	2774.77026367	
1885.60021973	1415.62976074	1456.8236084	2872.45336914	
1885.65026855	1419.5526123	1479.48901367	2899.04162598	
1885.70031738	1393.18737793	1408.72924805	2801.91662598	
1885.75024414	1438.62512207	1459.42565918	2898.05078125	
1885.80029297	1433.20288086	1474.29370117	2907.49658203	
1885.85021973	1488.70556641	1427.12487793	2915.83044434	
1885.90026855	1389.16931152	1383.69372559	2772.86303711	
1885.95031738	1391.72021484	1474.26281738	2865.98303223	
1885.95031738	1391.72021484	1474.26281738	2865.98303223	