Energy	Sweep0	
2110.00024414	2255.63427734	
2110.05029297	2156.04370117	
2110.1003418	2214.62231445	
2110.15039062	2184.39892578	
2110.20019531	2328.62744141	
2110.25024414	2329.13037109	
2110.30029297	2311.7043457	
2110.3503418	2399.51269531	
2110.40039062	2260.02905273	
2110.45019531	2322.16308594	
2110.50024414	2259.09521484	
2110.55029297	2268.78173828	
2110.6003418	2203.04711914	
2110.65039062	2247.0480957	
2110.70019531	2279.58349609	
2110.75024414	2255.11376953	
2110.80029297	2233.5402832	
2110.8503418	2204.09716797	
2110.90039062	2182.4362793	
2110.95019531	2154.25341797	
2111.00024414	2289.45507812	
2111.05029297	2295.97241211	
2111.1003418	2266.74584961	
2111.15039062	2220.30517578	
2111.20019531	2220.68359375	
2111.25024414	2279.64526367	
2111.30029297	2251.88720703	
2111.3503418	2191.63305664	
2111.40039062	2263.7277832	
2111.45019531	2171.64111328	
2111.50024414	2243.86499023	
2111.55029297	2215.95581055	
2111.6003418	2276.4309082	
2111.65039062	2242.50390625	
2111.70019531	2256.69873047	
2111.75024414	2356.08886719	
2111.80029297	2270.73583984	
2111.8503418	2249.18432617	
2111.90039062	2207.20556641	
2111.95019531	2254.87158203	
2112.00024414	2190.06616211	
2112.05029297	2257.53735352	
2112.1003418	2259.55737305	
2112.15039062	2230.99414062	
2112.20019531	2281.90112305	
2112.25024414	2329.70776367	
2112.30029297	2242.3984375	
2112.3503418	2224.63598633	
2112.40039062	2276.01977539	
2112.45019531	2260.14550781	
2112.50024414	2219.81933594	
2112.55029297	2228.76757812	
2112.6003418	2257.99755859	
2112.65039062	2308.33056641	
2112.70019531	2245.61010742	
2112.75024414	2211.55322266	
2112.80029297	2228.50195312	
2112.8503418	2239.48608398	
2112.90039062	2241.76049805	
2112.95019531	2241.26196289	
2113.00024414	2238.00854492	
2113.05029297	2254.37988281	
2113.1003418	2284.56542969	
2113.15039062	2289.85107422	
2113.20019531	2259.07202148	
2113.25024414	2287.74414062	
2113.30029297	2228.46801758	
2113.3503418	2249.41308594	
2113.40039062	2273.07958984	
2113.45019531	2255.01489258	
2113.50024414	2175.25756836	
2113.55029297	2242.05908203	
2113.6003418	2269.95776367	
2113.65039062	2302.98242188	
2113.70019531	2258.87768555	
2113.75024414	2169.01635742	
2113.80029297	2188.91503906	
2113.8503418	2311.61987305	
2113.90039062	2285.1003418	
2113.95019531	2223.65454102	
2114.00024414	2302.49291992	
2114.05029297	2321.27099609	
2114.1003418	2235.58544922	
2114.15039062	2277.66137695	
2114.20019531	2257.18481445	
2114.25024414	2362.6472168	
2114.30029297	2292.40283203	
2114.3503418	2283.18457031	
2114.40039062	2316.484375	
2114.45019531	2384.24194336	
2114.50024414	2241.38598633	
2114.55029297	2240.20385742	
2114.6003418	2293.84545898	
2114.65039062	2275.38085938	
2114.70019531	2277.60864258	
2114.75024414	2244.61621094	
2114.80029297	2318.95532227	
2114.8503418	2268.09179688	
2114.90039062	2267.78051758	
2114.95019531	2338.58251953	
2115.00024414	2310.73022461	
2115.05029297	2275.75415039	
2115.1003418	2260.35180664	
2115.15039062	2287.66064453	
2115.20019531	2288.85424805	
2115.25024414	2333.42431641	
2115.30029297	2328.6081543	
2115.3503418	2293.79199219	
2115.40039062	2296.62792969	
2115.45019531	2329.02026367	
2115.50024414	2306.69287109	
2115.55029297	2242.77246094	
2115.6003418	2222.41064453	
2115.65039062	2353.75390625	
2115.70019531	2333.22558594	
2115.75024414	2281.91772461	
2115.80029297	2353.79931641	
2115.8503418	2343.16503906	
2115.90039062	2298.76489258	
2115.95019531	2359.15209961	
2116.00024414	2338.21606445	
2116.05029297	2263.87670898	
2116.1003418	2339.09765625	
2116.15039062	2301.08837891	
2116.20019531	2325.20776367	
2116.25024414	2269.0456543	
2116.30029297	2325.27026367	
2116.3503418	2344.78149414	
2116.40039062	2418.79418945	
2116.45019531	2352.68164062	
2116.50024414	2392.70019531	
2116.55029297	2360.49829102	
2116.6003418	2343.83496094	
2116.65039062	2367.85913086	
2116.70019531	2319.88134766	
2116.75024414	2314.08569336	
2116.80029297	2339.58935547	
2116.8503418	2369.73828125	
2116.90039062	2361.75097656	
2116.95019531	2396.89550781	
2117.00024414	2354.71972656	
2117.05029297	2324.10766602	
2117.1003418	2402.26391602	
2117.15039062	2328.32397461	
2117.20019531	2367.44067383	
2117.25024414	2422.44506836	
2117.30029297	2337.69018555	
2117.3503418	2364.48876953	
2117.40039062	2426.72973633	
2117.45019531	2375.17480469	
2117.50024414	2358.22949219	
2117.55029297	2425.59594727	
2117.6003418	2432.39257812	
2117.65039062	2401.08105469	
2117.70019531	2366.76123047	
2117.75024414	2346.42138672	
2117.80029297	2338.6015625	
2117.8503418	2372.53100586	
2117.90039062	2409.46606445	
2117.95019531	2385.96875	
2118.00024414	2334.22119141	
2118.05029297	2388.88037109	
2118.1003418	2379.13452148	
2118.15039062	2345.52587891	
2118.20019531	2431.35546875	
2118.25024414	2423.87841797	
2118.30029297	2390.97460938	
2118.3503418	2429.05273438	
2118.40039062	2420.75390625	
2118.45019531	2379.18310547	
2118.50024414	2391.27563477	
2118.55029297	2377.17553711	
2118.6003418	2453.19140625	
2118.65039062	2403.87939453	
2118.70019531	2382.26147461	
2118.75024414	2355.11010742	
2118.80029297	2427.48657227	
2118.8503418	2453.13012695	
2118.90039062	2502.79467773	
2118.95019531	2489.13989258	
2119.00024414	2455.32714844	
2119.05029297	2456.27050781	
2119.1003418	2399.18847656	
2119.15039062	2469.68725586	
2119.20019531	2394.90234375	
2119.25024414	2490.1875	
2119.30029297	2499.86450195	
2119.3503418	2453.29394531	
2119.40039062	2522.92944336	
2119.45019531	2532.20336914	
2119.50024414	2492.8190918	
2119.55029297	2521.26220703	
2119.6003418	2482.9284668	
2119.65039062	2466.11914062	
2119.70019531	2431.18261719	
2119.75024414	2464.20703125	
2119.80029297	2450.85180664	
2119.8503418	2491.5324707	
2119.90039062	2520.35595703	
2119.95019531	2569.86035156	
2120.00024414	2431.43115234	
2120.05029297	2389.84619141	
2120.1003418	2503.81835938	
2120.15039062	2490.19140625	
2120.20019531	2402.23364258	
2120.25024414	2442.90380859	
2120.30029297	2472.07250977	
2120.3503418	2421.40698242	
2120.40039062	2466.5690918	
2120.45019531	2464.74047852	
2120.50024414	2468.01489258	
2120.55029297	2480.23657227	
2120.6003418	2513.01269531	
2120.65039062	2476.72558594	
2120.70019531	2428.671875	
2120.75024414	2441.74243164	
2120.80029297	2422.64013672	
2120.8503418	2378.81567383	
2120.90039062	2447.16821289	
2120.95019531	2363.69604492	
2121.00024414	2416.83251953	
2121.05029297	2389.10693359	
2121.1003418	2377.72998047	
2121.15039062	2442.14550781	
2121.20019531	2441.31860352	
2121.25024414	2414.52807617	
2121.30029297	2490.53637695	
2121.3503418	2414.12768555	
2121.40039062	2417.99829102	
2121.45019531	2411.34790039	
2121.50024414	2432.42163086	
2121.55029297	2418.48168945	
2121.6003418	2389.89404297	
2121.65039062	2433.21142578	
2121.70019531	2430.98706055	
2121.75024414	2460.46484375	
2121.80029297	2422.53222656	
2121.8503418	2423.09619141	
2121.90039062	2493.23657227	
2121.95019531	2407.61254883	
2122.00024414	2421.43212891	
2122.05029297	2388.22949219	
2122.1003418	2410.79150391	
2122.15039062	2409.58447266	
2122.20019531	2398.45825195	
2122.25024414	2392.0534668	
2122.30029297	2426.57543945	
2122.3503418	2425.63232422	
2122.40039062	2425.36376953	
2122.45019531	2478.31860352	
2122.50024414	2413.125	
2122.55029297	2375.23828125	
2122.6003418	2330.25366211	
2122.65039062	2403.95922852	
2122.70019531	2475.38964844	
2122.75024414	2392.65307617	
2122.80029297	2340.82202148	
2122.8503418	2324.10498047	
2122.90039062	2361.96484375	
2122.95019531	2359.61132812	
2123.00024414	2367.03100586	
2123.05029297	2391.67260742	
2123.1003418	2354.37670898	
2123.15039062	2308.49121094	
2123.20019531	2307.49780273	
2123.25024414	2386.72485352	
2123.30029297	2330.66040039	
2123.3503418	2285.39135742	
2123.40039062	2406.37451172	
2123.45019531	2349.26049805	
2123.50024414	2326.69506836	
2123.55029297	2357.48876953	
2123.6003418	2313.35888672	
2123.65039062	2284.89672852	
2123.70019531	2372.15673828	
2123.75024414	2434.51586914	
2123.80029297	2439.15429688	
2123.8503418	2412.22387695	
2123.90039062	2431.27490234	
2123.95019531	2462.90649414	
2124.00024414	2382.64306641	
2124.05029297	2469.2644043	
2124.1003418	2438.11523438	
2124.15039062	2560.05908203	
2124.20019531	2547.8203125	
2124.25024414	2627.50708008	
2124.30029297	2539.90209961	
2124.3503418	2630.37207031	
2124.40039062	2615.70947266	
2124.45019531	2636.34277344	
2124.50024414	2668.30566406	
2124.55029297	2650.22216797	
2124.6003418	2740.65893555	
2124.65039062	2740.41552734	
2124.70019531	2765.76147461	
2124.75024414	2752.93261719	
2124.80029297	2841.86303711	
2124.8503418	2872.62426758	
2124.90039062	2939.28442383	
2124.95019531	2893.14794922	
2125.00024414	2866.55712891	
2125.05029297	2814.70727539	
2125.1003418	2846.90258789	
2125.15039062	2963.70361328	
2125.20019531	2918.99829102	
2125.25024414	2897.31518555	
2125.30029297	2917.38818359	
2125.3503418	2920.96020508	
2125.40039062	2842.66870117	
2125.45019531	2765.3984375	
2125.50024414	2767.13867188	
2125.55029297	2801.62475586	
2125.6003418	2762.34741211	
2125.65039062	2735.94335938	
2125.70019531	2693.76342773	
2125.75024414	2621.40966797	
2125.80029297	2650.37866211	
2125.8503418	2607.80078125	
2125.90039062	2565.81005859	
2125.95019531	2490.09106445	
2126.00024414	2453.70483398	
2126.05029297	2410.24829102	
2126.1003418	2413.41796875	
2126.15039062	2408.11157227	
2126.20019531	2264.40429688	
2126.25024414	2218.53857422	
2126.30029297	2234.62207031	
2126.3503418	2159.39086914	
2126.40039062	2192.56103516	
2126.45019531	2199.79882812	
2126.50024414	2115.8059082	
2126.55029297	2153.88500977	
2126.6003418	2132.31079102	
2126.65039062	2103.14746094	
2126.70019531	2040.83007812	
2126.75024414	2081.65234375	
2126.80029297	2027.12744141	
2126.8503418	2050.46582031	
2126.90039062	2091.09008789	
2126.95019531	2064.1484375	
2127.00024414	1983.64746094	
2127.05029297	2027.22705078	
2127.1003418	2069.31958008	
2127.15039062	2022.01904297	
2127.20019531	1972.52722168	
2127.25024414	2003.69274902	
2127.30029297	2049.92016602	
2127.3503418	2001.77758789	
2127.40039062	1948.93505859	
2127.45019531	2022.03283691	
2127.50024414	2014.85461426	
2127.55029297	2057.83227539	
2127.6003418	1970.15783691	
2127.65039062	1994.2166748	
2127.70019531	2010.51623535	
2127.75024414	1976.48852539	
2127.80029297	1970.22595215	
2127.8503418	1976.47839355	
2127.90039062	2042.66992188	
2127.95019531	2022.36865234	
2128.00024414	1960.15576172	
2128.05029297	1957.94873047	
2128.1003418	2055.05249023	
2128.15039062	1963.32043457	
2128.20019531	2014.81750488	
2128.25024414	2101.14404297	
2128.30029297	2074.375	
2128.3503418	2053.18945312	
2128.40039062	2061.35620117	
2128.45019531	2007.70361328	
2128.50024414	2057.25610352	
2128.55029297	2028.61462402	
2128.6003418	2045.91967773	
2128.65039062	2084.24316406	
2128.70019531	2062.75512695	
2128.75024414	2047.85473633	
2128.80029297	2033.4901123	
2128.8503418	2030.08642578	
2128.90039062	2071.71704102	
2128.95019531	2061.35571289	
2129.00024414	2045.24487305	
2129.05029297	2071.45776367	
2129.1003418	2123.81640625	
2129.15039062	2066.29272461	
2129.20019531	2089.63671875	
2129.25024414	2052.69775391	
2129.30029297	2062.7746582	
2129.3503418	2083.36865234	
2129.40039062	2116.48681641	
2129.45019531	2098.10717773	
2129.50024414	2123.83837891	
2129.55029297	2145.99243164	
2129.6003418	2118.33886719	
2129.65039062	2023.41784668	
2129.70019531	2109.97631836	
2129.75024414	2077.96728516	
2129.80029297	2048.01245117	
2129.8503418	2116.13696289	
2129.90039062	2097.26977539	
2129.95019531	2101.94555664	
2130.00024414	2147.55102539	
2130.05029297	2082.70288086	
2130.1003418	2132.54174805	
2130.15039062	2173.2253418	
2130.20019531	2119.98242188	
2130.25024414	2107.61547852	
2130.30029297	2046.07543945	
2130.3503418	2072.1940918	
2130.40039062	2084.95068359	
2130.45019531	2118.20874023	
2130.50024414	2191.1574707	
2130.55029297	2111.46459961	
2130.6003418	2164.71459961	
2130.65039062	2190.42553711	
2130.70019531	2204.57324219	
2130.75024414	2198.35717773	
2130.80029297	2181.23974609	
2130.8503418	2176.50195312	
2130.90039062	2163.32006836	
2130.95019531	2229.30273438	
2131.00024414	2189.37475586	
2131.05029297	2130.77001953	
2131.1003418	2188.73901367	
2131.15039062	2182.70654297	
2131.20019531	2253.29272461	
2131.25024414	2195.49804688	
2131.30029297	2120.24169922	
2131.3503418	2149.24731445	
2131.40039062	2180.46850586	
2131.45019531	2246.10083008	
2131.50024414	2236.9284668	
2131.55029297	2204.16381836	
2131.6003418	2219.51879883	
2131.65039062	2207.25244141	
2131.70019531	2188.81298828	
2131.75024414	2257.92749023	
2131.80029297	2252.19482422	
2131.8503418	2262.67993164	
2131.90039062	2256.40405273	
2131.95019531	2236.78710938	
2132.00024414	2301.03930664	
2132.05029297	2285.29711914	
2132.1003418	2208.96337891	
2132.15039062	2233.83154297	
2132.20019531	2244.58129883	
2132.25024414	2286.45043945	
2132.30029297	2133.38549805	
2132.3503418	2228.93798828	
2132.40039062	2282.73925781	
2132.45019531	2326.5949707	
2132.50024414	2289.05908203	
2132.55029297	2317.18359375	
2132.6003418	2329.13183594	
2132.65039062	2280.40405273	
2132.70019531	2301.18774414	
2132.75024414	2375.59863281	
2132.80029297	2360.75854492	
2132.8503418	2332.84936523	
2132.90039062	2390.43579102	
2132.95019531	2256.91674805	
2133.00024414	2365.8684082	
2133.05029297	2411.20483398	
2133.1003418	2485.20751953	
2133.15039062	2368.8046875	
2133.20019531	2446.55810547	
2133.25024414	2404.31616211	
2133.30029297	2400.12280273	
2133.3503418	2364.59130859	
2133.40039062	2361.45336914	
2133.45019531	2386.07836914	
2133.50024414	2416.36474609	
2133.55029297	2443.70239258	
2133.6003418	2446.41601562	
2133.65039062	2344.69287109	
2133.70019531	2409.97680664	
2133.75024414	2525.46459961	
2133.80029297	2483.14160156	
2133.8503418	2461.78344727	
2133.90039062	2481.31811523	
2133.95019531	2518.27929688	
2134.00024414	2465.67138672	
2134.05029297	2583.95214844	
2134.1003418	2533.7175293	
2134.15039062	2494.08935547	
2134.20019531	2492.90795898	
2134.25024414	2540.78076172	
2134.30029297	2627.09423828	
2134.3503418	2619.08837891	
2134.40039062	2625.05712891	
2134.45019531	2593.75634766	
2134.50024414	2547.51831055	
2134.55029297	2607.62158203	
2134.6003418	2630.26953125	
2134.65039062	2673.97631836	
2134.70019531	2706.57470703	
2134.75024414	2711.22924805	
2134.80029297	2712.13525391	
2134.8503418	2681.78808594	
2134.90039062	2736.80102539	
2134.95019531	2753.29833984	
2135.00024414	2798.06787109	
2135.05029297	2798.0012207	
2135.1003418	2823.19384766	
2135.15039062	2832.36865234	
2135.20019531	2714.80957031	
2135.25024414	2768.31298828	
2135.30029297	2820.734375	
2135.3503418	2874.31835938	
2135.40039062	2881.93212891	
2135.45019531	2819.71899414	
2135.50024414	2914.23510742	
2135.55029297	2980.87426758	
2135.6003418	2947.66162109	
2135.65039062	3030.9206543	
2135.70019531	2991.22485352	
2135.75024414	2980.21801758	
2135.80029297	3127.21264648	
2135.8503418	3066.53808594	
2135.90039062	2985.58813477	
2135.95019531	2996.97412109	
2136.00024414	3043.2512207	
2136.05029297	3036.46582031	
2136.1003418	3038.50146484	
2136.15039062	3148.47314453	
2136.20019531	3093.49145508	
2136.25024414	3165.04394531	
2136.30029297	3188.09277344	
2136.3503418	3154.14331055	
2136.40039062	3108.64501953	
2136.45019531	3166.05419922	
2136.50024414	3259.66772461	
2136.55029297	3253.10229492	
2136.6003418	3223.47802734	
2136.65039062	3257.79248047	
2136.70019531	3267.66015625	
2136.75024414	3269.78198242	
2136.80029297	3257.84692383	
2136.8503418	3294.90185547	
2136.90039062	3345.7277832	
2136.95019531	3353.47070312	
2137.00024414	3438.16552734	
2137.05029297	3408.61010742	
2137.1003418	3403.79321289	
2137.15039062	3350.54174805	
2137.20019531	3361.35986328	
2137.25024414	3443.93530273	
2137.30029297	3390.67382812	
2137.3503418	3469.18774414	
2137.40039062	3406.75415039	
2137.45019531	3514.07055664	
2137.50024414	3513.92529297	
2137.55029297	3421.93017578	
2137.6003418	3507.17041016	
2137.65039062	3493.83813477	
2137.70019531	3564.47705078	
2137.75024414	3596.96899414	
2137.80029297	3530.30566406	
2137.8503418	3481.49145508	
2137.90039062	3551.70385742	
2137.95019531	3502.11108398	
2138.00024414	3517.4050293	
2138.05029297	3545.80810547	
2138.1003418	3615.81665039	
2138.15039062	3588.94482422	
2138.20019531	3645.53320312	
2138.25024414	3474.22412109	
2138.30029297	3625.05688477	
2138.3503418	3548.49707031	
2138.40039062	3589.53979492	
2138.45019531	3550.18994141	
2138.50024414	3501.0168457	
2138.55029297	3583.65356445	
2138.6003418	3664.43823242	
2138.65039062	3582.72851562	
2138.70019531	3586.7722168	
2138.75024414	3576.20483398	
2138.80029297	3563.57617188	
2138.8503418	3648.87084961	
2138.90039062	3609.52197266	
2138.95019531	3589.05493164	
2139.00024414	3359.78808594	
2139.05029297	3559.15039062	
2139.1003418	3532.3125	
2139.15039062	3609.0769043	
2139.20019531	3543.26098633	
2139.25024414	3497.23413086	
2139.30029297	3560.49072266	
2139.3503418	3533.34423828	
2139.40039062	3462.36523438	
2139.45019531	3454.14990234	
2139.50024414	3446.48461914	
2139.55029297	3316.61499023	
2139.6003418	3462.31323242	
2139.65039062	3409.08740234	
2139.70019531	3517.21899414	
2139.75024414	3472.57177734	
2139.80029297	3412.40234375	
2139.8503418	3371.68310547	
2139.90039062	3361.01196289	
2139.95019531	3354.5378418	
2140.00024414	3334.58178711	
2140.05029297	3333.79614258	
2140.1003418	3363.22827148	
2140.15039062	3315.59936523	
2140.20019531	3335.58178711	
2140.25024414	3332.51831055	
2140.30029297	3250.7019043	
2140.3503418	3322.43432617	
2140.40039062	3235.45629883	
2140.45019531	3195.81396484	
2140.50024414	3255.47045898	
2140.55029297	3193.20141602	
2140.6003418	3220.44848633	
2140.65039062	3103.72094727	
2140.70019531	3131.14135742	
2140.75024414	3159.2980957	
2140.80029297	3095.9519043	
2140.8503418	3088.6640625	
2140.90039062	3051.71166992	
2140.95019531	3004.60302734	
2141.00024414	2974.40283203	
2141.05029297	3027.39697266	
2141.1003418	2965.33056641	
2141.15039062	2977.35913086	
2141.20019531	2927.45141602	
2141.25024414	2921.50805664	
2141.30029297	2864.81298828	
2141.3503418	2832.4909668	
2141.40039062	2769.88085938	
2141.45019531	2714.90307617	
2141.50024414	2754.12573242	
2141.55029297	2682.81298828	
2141.6003418	2669.93115234	
2141.65039062	2611.1940918	
2141.70019531	2636.69360352	
2141.75024414	2623.52954102	
2141.80029297	2579.4152832	
2141.8503418	2494.64575195	
2141.90039062	2538.81420898	
2141.95019531	2436.12695312	
2142.00024414	2454.69702148	
2142.05029297	2413.15576172	
2142.1003418	2397.43408203	
2142.15039062	2344.53442383	
2142.20019531	2313.59814453	
2142.25024414	2339.76806641	
2142.30029297	2270.43115234	
2142.3503418	2221.62988281	
2142.40039062	2228.80200195	
2142.45019531	2258.68310547	
2142.50024414	2182.44458008	
2142.55029297	2187.56713867	
2142.6003418	2082.39672852	
2142.65039062	2162.12255859	
2142.70019531	2048.79199219	
2142.75024414	2064.13916016	
2142.80029297	2136.59619141	
2142.8503418	2031.47900391	
2142.90039062	1984.63818359	
2142.95019531	2051.14624023	
2143.00024414	2015.46520996	
2143.05029297	1972.83666992	
2143.1003418	1950.3861084	
2143.15039062	1961.70812988	
2143.20019531	1904.55773926	
2143.25024414	1923.93591309	
2143.30029297	1882.25061035	
2143.3503418	1934.52233887	
2143.40039062	1879.16772461	
2143.45019531	1871.79431152	
2143.50024414	1882.08203125	
2143.55029297	1833.75561523	
2143.6003418	1845.70703125	
2143.65039062	1824.45874023	
2143.70019531	1826.15454102	
2143.75024414	1839.59887695	
2143.80029297	1806.65002441	
2143.8503418	1727.69836426	
2143.90039062	1735.69213867	
2143.95019531	1768.94702148	
2144.00024414	1820.79711914	
2144.05029297	1835.94824219	
2144.1003418	1720.8737793	
2144.15039062	1696.03637695	
2144.20019531	1716.13818359	
2144.25024414	1750.5045166	
2144.30029297	1665.14465332	
2144.3503418	1665.08520508	
2144.40039062	1660.31262207	
2144.45019531	1715.51428223	
2144.50024414	1719.13085938	
2144.55029297	1675.13085938	
2144.6003418	1736.4173584	
2144.65039062	1744.30383301	
2144.70019531	1644.48193359	
2144.75024414	1718.61743164	
2144.80029297	1729.84533691	
2144.8503418	1663.07653809	
2144.90039062	1590.37011719	
2144.95019531	1642.39025879	
2145.00024414	1695.43457031	
2145.05029297	1684.09753418	
2145.1003418	1591.62255859	
2145.15039062	1643.46936035	
2145.20019531	1643.9510498	
2145.25024414	1576.47033691	
2145.30029297	1546.74267578	
2145.3503418	1565.37487793	
2145.40039062	1640.84753418	
2145.45019531	1620.3503418	
2145.50024414	1597.03808594	
2145.55029297	1596.50463867	
2145.6003418	1594.86193848	
2145.65039062	1616.38208008	
2145.70019531	1589.16137695	
2145.75024414	1604.85070801	
2145.80029297	1598.30310059	
2145.8503418	1615.8717041	
2145.90039062	1560.81433105	
2145.95019531	1610.83312988	
2146.00024414	1610.31628418	
2146.05029297	1536.10351562	
2146.1003418	1553.35534668	
2146.15039062	1508.53027344	
2146.20019531	1592.4744873	
2146.25024414	1616.02185059	
2146.30029297	1541.0345459	
2146.3503418	1557.83337402	
2146.40039062	1484.21655273	
2146.45019531	1566.75341797	
2146.50024414	1582.13977051	
2146.55029297	1595.69555664	
2146.6003418	1566.17993164	
2146.65039062	1604.40576172	
2146.70019531	1530.92431641	
2146.75024414	1547.92114258	
2146.80029297	1530.12780762	
2146.8503418	1484.63659668	
2146.90039062	1514.61950684	
2146.95019531	1533.83312988	
2147.00024414	1555.15991211	
2147.05029297	1519.03430176	
2147.1003418	1496.25219727	
2147.15039062	1495.46533203	
2147.20019531	1570.93847656	
2147.25024414	1581.78588867	
2147.30029297	1517.52746582	
2147.3503418	1457.61181641	
2147.40039062	1494.15820312	
2147.45019531	1567.17700195	
2147.50024414	1603.01123047	
2147.55029297	1509.96765137	
2147.6003418	1483.6673584	
2147.65039062	1509.46252441	
2147.70019531	1547.59204102	
2147.75024414	1525.81787109	
2147.80029297	1533.47949219	
2147.8503418	1528.13110352	
2147.90039062	1481.41088867	
2147.95019531	1498.70275879	
2148.00024414	1494.41931152	
2148.05029297	1587.35791016	
2148.1003418	1577.49938965	
2148.15039062	1528.53051758	
2148.20019531	1542.58190918	
2148.25024414	1486.22241211	
2148.30029297	1517.44177246	
2148.3503418	1514.16052246	
2148.40039062	1500.69091797	
2148.45019531	1518.71936035	
2148.50024414	1517.82714844	
2148.55029297	1469.78381348	
2148.6003418	1445.56884766	
2148.65039062	1487.91650391	
2148.70019531	1457.81567383	
2148.75024414	1551.34387207	
2148.80029297	1533.64575195	
2148.8503418	1515.44775391	
2148.90039062	1497.08947754	
2148.95019531	1501.63391113	
2149.00024414	1530.35583496	
2149.05029297	1505.75427246	
2149.1003418	1485.94702148	
2149.15039062	1440.77185059	
2149.20019531	1437.07043457	
2149.25024414	1427.48303223	
2149.30029297	1491.66320801	
2149.3503418	1488.60705566	
2149.40039062	1528.66918945	
2149.45019531	1500.34509277	
2149.50024414	1434.0703125	
2149.55029297	1532.21557617	
2149.6003418	1519.54638672	
2149.65039062	1526.28674316	
2149.70019531	1507.67993164	
2149.75024414	1443.90039062	
2149.80029297	1487.15869141	
2149.8503418	1512.17260742	
2149.90039062	1476.33740234	
2149.95019531	1511.62670898	
2150.00024414	1479.81640625	
2150.05029297	1491.7376709	
2150.1003418	1499.37536621	
2150.15039062	1449.28076172	
2150.20019531	1529.3034668	
2150.25024414	1467.93725586	
2150.30029297	1503.5111084	
2150.3503418	1513.22521973	
2150.40039062	1488.41772461	
2150.45019531	1461.21875	
2150.50024414	1499.29785156	
2150.55029297	1489.50720215	
2150.6003418	1467.61218262	
2150.65039062	1476.81958008	
2150.70019531	1469.4161377	
2150.75024414	1432.93078613	
2150.80029297	1459.60522461	
2150.8503418	1434.39099121	
2150.90039062	1464.87268066	
2150.95019531	1514.15869141	
2151.00024414	1490.29187012	
2151.05029297	1484.43737793	
2151.1003418	1513.02758789	
2151.15039062	1449.23193359	
2151.20019531	1448.23596191	
2151.25024414	1451.21374512	
2151.30029297	1466.95117188	
2151.3503418	1524.47387695	
2151.40039062	1597.16967773	
2151.45019531	1506.27722168	
2151.50024414	1441.19226074	
2151.55029297	1445.01342773	
2151.6003418	1453.7310791	
2151.65039062	1511.72607422	
2151.70019531	1489.79858398	
2151.75024414	1491.29260254	
2151.80029297	1523.30004883	
2151.8503418	1469.88134766	
2151.90039062	1467.13330078	
2151.95019531	1486.47119141	
2152.00024414	1506.57910156	
2152.05029297	1463.28710938	
2152.1003418	1472.36572266	
2152.15039062	1492.0982666	
2152.20019531	1480.34973145	
2152.25024414	1444.23132324	
2152.30029297	1457.25317383	
2152.3503418	1464.79370117	
2152.40039062	1465.17834473	
2152.45019531	1464.26550293	
2152.50024414	1468.94519043	
2152.55029297	1442.88330078	
2152.6003418	1466.12402344	
2152.65039062	1477.91955566	
2152.70019531	1410.84033203	
2152.75024414	1419.23510742	
2152.80029297	1431.44763184	
2152.8503418	1461.77758789	
2152.90039062	1457.31884766	
2152.95019531	1449.00610352	
2153.00024414	1501.2376709	
2153.05029297	1529.64807129	
2153.1003418	1463.74389648	
2153.15039062	1455.80908203	
2153.20019531	1446.29980469	
2153.25024414	1521.28198242	
2153.30029297	1456.09008789	
2153.3503418	1434.67199707	
2153.40039062	1441.14575195	
2153.45019531	1472.26855469	
2153.50024414	1446.18725586	
2153.55029297	1448.37683105	
2153.6003418	1472.12451172	
2153.65039062	1417.02575684	
2153.70019531	1458.16687012	
2153.75024414	1484.92504883	
2153.80029297	1518.4810791	
2153.8503418	1489.48181152	
2153.90039062	1497.98522949	
2153.95019531	1450.12414551	
2154.00024414	1419.83129883	
2154.05029297	1422.78674316	
2154.1003418	1515.36437988	
2154.15039062	1444.6640625	
2154.20019531	1471.67724609	
2154.25024414	1494.82092285	
2154.30029297	1413.9342041	
2154.3503418	1440.54040527	
2154.40039062	1414.17260742	
2154.45019531	1482.51745605	
2154.50024414	1427.17578125	
2154.55029297	1456.43994141	
2154.6003418	1447.30322266	
2154.65039062	1455.49304199	
2154.70019531	1413.73937988	
2154.75024414	1419.390625	
2154.80029297	1510.52148438	
2154.8503418	1503.71057129	
2154.90039062	1479.2331543	
2154.95019531	1413.37463379	
2155.00024414	1538.22924805	
2155.05029297	1443.07995605	
2155.1003418	1512.84545898	
2155.15039062	1478.28283691	
2155.20019531	1447.21887207	
2155.25024414	1406.63244629	
2155.30029297	1510.15454102	
2155.3503418	1491.8894043	
2155.40039062	1556.92443848	
2155.45019531	1493.43981934	
2155.50024414	1418.33740234	
2155.55029297	1484.55578613	
2155.6003418	1513.3170166	
2155.65039062	1492.22143555	
2155.70019531	1507.1842041	
2155.75024414	1567.79394531	
2155.80029297	1539.40734863	
2155.8503418	1502.46386719	
2155.90039062	1462.47241211	
2155.95019531	1413.17504883	
2155.95019531	1413.17504883	