Energy	Sweep0	Sweep1	Sum
1195.0	8767.71289062	8892.19726562	17659.9101562	
1195.05004883	8717.72949219	8750.08300781	17467.8125	
1195.10009766	8465.9375	8611.09179688	17077.0292969	
1195.15002441	8362.28515625	8489.62011719	16851.9052734	
1195.20007324	8209.26074219	8313.73925781	16523.0	
1195.25	7989.77783203	8006.07617188	15995.8540039	
1195.30004883	7618.70166016	7891.41650391	15510.1181641	
1195.35009766	7519.83642578	7716.50146484	15236.3378906	
1195.40002441	7441.10400391	7498.58837891	14939.6923828	
1195.45007324	7327.24511719	7276.19042969	14603.4355469	
1195.5	7175.27294922	7223.03027344	14398.3032227	
1195.55004883	7006.49658203	6923.9140625	13930.4106445	
1195.60009766	6846.82714844	6850.72558594	13697.5527344	
1195.65002441	6729.99755859	6673.02539062	13403.0229492	
1195.70007324	6463.81542969	6644.17529297	13107.9907227	
1195.75	6276.15673828	6556.09863281	12832.2553711	
1195.80004883	6221.52197266	6381.72021484	12603.2421875	
1195.85009766	6136.13330078	6123.17236328	12259.3056641	
1195.90002441	6068.63671875	5948.70947266	12017.3461914	
1195.95007324	5947.58789062	6019.05859375	11966.6464844	
1196.0	5906.97558594	5894.6328125	11801.6083984	
1196.05004883	5750.82763672	5697.54248047	11448.3701172	
1196.10009766	5510.93115234	5669.02001953	11179.9511719	
1196.15002441	5558.09375	5618.06787109	11176.1616211	
1196.20007324	5622.94482422	5535.22607422	11158.1708984	
1196.25	5621.47998047	5386.8984375	11008.378418	
1196.30004883	5400.33789062	5518.05615234	10918.394043	
1196.35009766	5438.57324219	5539.79296875	10978.3662109	
1196.40002441	5420.08544922	5406.77441406	10826.8598633	
1196.45007324	5263.71826172	5234.14892578	10497.8671875	
1196.5	5198.03515625	5208.02246094	10406.0576172	
1196.55004883	5182.24609375	5253.34082031	10435.5869141	
1196.60009766	5098.94628906	5218.29541016	10317.2416992	
1196.65002441	5001.79541016	5049.62011719	10051.4155273	
1196.70007324	4953.22460938	5169.2734375	10122.4980469	
1196.75	5080.04785156	5106.32128906	10186.3691406	
1196.80004883	4920.15429688	5154.96826172	10075.1225586	
1196.85009766	4866.88623047	4949.52001953	9816.40625	
1196.90002441	4933.17285156	5002.48535156	9935.65820312	
1196.95007324	4968.02539062	4968.81152344	9936.83691406	
1197.0	4888.33056641	4996.96582031	9885.29638672	
1197.05004883	5012.95117188	4945.11083984	9958.06201172	
1197.10009766	4876.69824219	4899.59521484	9776.29345703	
1197.15002441	4824.74902344	4894.28027344	9719.02929688	
1197.20007324	4926.83203125	4828.95849609	9755.79052734	
1197.25	4861.88818359	4887.93701172	9749.82519531	
1197.30004883	4758.53857422	4816.97851562	9575.51708984	
1197.35009766	4827.0703125	4873.99755859	9701.06787109	
1197.40002441	4719.02490234	4738.81298828	9457.83789062	
1197.45007324	4862.57861328	4939.30712891	9801.88574219	
1197.5	4824.21582031	4890.39160156	9714.60742188	
1197.55004883	4748.046875	4809.96142578	9558.00830078	
1197.60009766	4746.54248047	4759.74902344	9506.29150391	
1197.65002441	4705.31054688	4779.07128906	9484.38183594	
1197.70007324	4684.28564453	4730.26611328	9414.55175781	
1197.75	4792.22412109	4827.17871094	9619.40283203	
1197.80004883	4792.65771484	4692.85693359	9485.51464844	
1197.85009766	4762.10107422	4681.45263672	9443.55371094	
1197.90002441	4774.49169922	4742.65722656	9517.14892578	
1197.95007324	4713.6953125	4659.0546875	9372.75	
1198.0	4598.97949219	4642.16455078	9241.14404297	
1198.05004883	4617.21044922	4676.69091797	9293.90136719	
1198.10009766	4766.86230469	4689.55957031	9456.421875	
1198.15002441	4667.24511719	4624.29199219	9291.53710938	
1198.20007324	4679.22900391	4548.54980469	9227.77880859	
1198.25	4664.86083984	4651.33105469	9316.19189453	
1198.30004883	4658.20166016	4679.1640625	9337.36572266	
1198.35009766	4590.89746094	4624.87304688	9215.77050781	
1198.40002441	4625.19335938	4582.95263672	9208.14599609	
1198.45007324	4567.14550781	4569.95361328	9137.09912109	
1198.5	4533.23730469	4472.59423828	9005.83154297	
1198.55004883	4671.91455078	4542.66357422	9214.578125	
1198.60009766	4569.16503906	4681.45361328	9250.61865234	
1198.65002441	4601.72363281	4612.94140625	9214.66503906	
1198.70007324	4499.52392578	4566.79199219	9066.31591797	
1198.75	4506.68554688	4582.83398438	9089.51953125	
1198.80004883	4487.11816406	4509.46289062	8996.58105469	
1198.85009766	4524.14648438	4422.69238281	8946.83886719	
1198.90002441	4548.67675781	4518.62988281	9067.30664062	
1198.95007324	4522.81689453	4496.8046875	9019.62158203	
1199.0	4620.97363281	4475.26416016	9096.23779297	
1199.05004883	4643.2109375	4586.73388672	9229.94482422	
1199.10009766	4608.94140625	4525.29199219	9134.23339844	
1199.15002441	4525.66845703	4500.65380859	9026.32226562	
1199.20007324	4557.60595703	4400.66943359	8958.27539062	
1199.25	4456.79931641	4452.09228516	8908.89160156	
1199.30004883	4523.64648438	4398.15234375	8921.79882812	
1199.35009766	4543.83837891	4438.73925781	8982.57763672	
1199.40002441	4427.47460938	4527.14990234	8954.62451172	
1199.45007324	4463.76171875	4633.60644531	9097.36816406	
1199.5	4503.90527344	4589.62353516	9093.52880859	
1199.55004883	4392.55419922	4492.78222656	8885.33642578	
1199.60009766	4350.359375	4457.92089844	8808.28027344	
1199.65002441	4477.04150391	4430.58691406	8907.62841797	
1199.70007324	4341.99658203	4429.18164062	8771.17822266	
1199.75	4313.00927734	4489.24072266	8802.25	
1199.80004883	4427.67919922	4428.84521484	8856.52441406	
1199.85009766	4419.55029297	4408.89160156	8828.44189453	
1199.90002441	4472.19873047	4474.22607422	8946.42480469	
1199.95007324	4510.2421875	4576.49902344	9086.74121094	
1200.0	4538.44970703	4466.60986328	9005.05957031	
1200.05004883	4459.90869141	4379.55712891	8839.46582031	
1200.10009766	4460.51660156	4391.56152344	8852.078125	
1200.15002441	4445.31982422	4421.28466797	8866.60449219	
1200.20007324	4477.18310547	4473.38769531	8950.57080078	
1200.25	4371.65039062	4476.96044922	8848.61083984	
1200.30004883	4417.18945312	4464.61865234	8881.80810547	
1200.35009766	4455.69970703	4346.97949219	8802.67919922	
1200.40002441	4525.26513672	4390.05371094	8915.31884766	
1200.45007324	4511.42626953	4403.86523438	8915.29150391	
1200.5	4496.65039062	4415.57421875	8912.22460938	
1200.55004883	4382.75244141	4438.12890625	8820.88134766	
1200.60009766	4346.51611328	4439.41699219	8785.93310547	
1200.65002441	4395.47900391	4568.36279297	8963.84179688	
1200.70007324	4398.27587891	4490.22949219	8888.50537109	
1200.75	4466.26611328	4486.61621094	8952.88232422	
1200.80004883	4475.69970703	4494.48388672	8970.18359375	
1200.85009766	4299.62695312	4398.16992188	8697.796875	
1200.90002441	4363.10644531	4333.24365234	8696.35009766	
1200.95007324	4432.89257812	4420.27001953	8853.16259766	
1201.0	4425.62255859	4393.65576172	8819.27832031	
1201.05004883	4377.58203125	4373.42773438	8751.00976562	
1201.10009766	4348.08056641	4447.89550781	8795.97607422	
1201.15002441	4426.68164062	4329.14257812	8755.82421875	
1201.20007324	4575.61181641	4355.01806641	8930.62988281	
1201.25	4444.33154297	4433.60839844	8877.93994141	
1201.30004883	4512.12304688	4372.03564453	8884.15869141	
1201.35009766	4386.79882812	4410.91162109	8797.71044922	
1201.40002441	4351.03076172	4321.40673828	8672.4375	
1201.45007324	4440.75585938	4474.07421875	8914.83007812	
1201.5	4361.94580078	4391.3359375	8753.28173828	
1201.55004883	4375.69775391	4415.16259766	8790.86035156	
1201.60009766	4367.87646484	4345.29589844	8713.17236328	
1201.65002441	4441.20751953	4357.06982422	8798.27734375	
1201.70007324	4320.08105469	4446.53173828	8766.61279297	
1201.75	4382.25439453	4395.08642578	8777.34082031	
1201.80004883	4492.72998047	4438.86816406	8931.59814453	
1201.85009766	4390.30566406	4388.54248047	8778.84814453	
1201.90002441	4433.04199219	4383.49609375	8816.53808594	
1201.95007324	4379.18017578	4419.58935547	8798.76953125	
1202.0	4313.93408203	4398.62060547	8712.5546875	
1202.05004883	4380.73388672	4467.54931641	8848.28320312	
1202.10009766	4405.60986328	4482.60302734	8888.21289062	
1202.15002441	4410.78466797	4486.5390625	8897.32373047	
1202.20007324	4410.47998047	4473.66259766	8884.14257812	
1202.25	4517.94482422	4381.98242188	8899.92724609	
1202.30004883	4364.06982422	4496.3125	8860.38232422	
1202.35009766	4469.76220703	4508.83056641	8978.59277344	
1202.40002441	4455.55517578	4532.12353516	8987.67871094	
1202.45007324	4409.58642578	4541.56933594	8951.15576172	
1202.5	4379.63671875	4380.14990234	8759.78662109	
1202.55004883	4423.84130859	4445.99658203	8869.83789062	
1202.60009766	4386.57666016	4344.40673828	8730.98339844	
1202.65002441	4356.48486328	4387.71630859	8744.20117188	
1202.70007324	4311.48730469	4325.88525391	8637.37255859	
1202.75	4403.07128906	4407.16308594	8810.234375	
1202.80004883	4461.95019531	4459.609375	8921.55957031	
1202.85009766	4467.95898438	4485.26757812	8953.2265625	
1202.90002441	4506.19335938	4437.53808594	8943.73144531	
1202.95007324	4501.64501953	4330.36621094	8832.01123047	
1203.0	4363.67822266	4404.42382812	8768.10205078	
1203.05004883	4426.22070312	4511.24462891	8937.46533203	
1203.10009766	4470.87792969	4353.14257812	8824.02050781	
1203.15002441	4451.61474609	4339.50195312	8791.11669922	
1203.20007324	4456.22265625	4527.97314453	8984.19580078	
1203.25	4355.51367188	4477.83349609	8833.34716797	
1203.30004883	4332.25927734	4434.65136719	8766.91064453	
1203.35009766	4438.24755859	4405.89794922	8844.14550781	
1203.40002441	4330.01708984	4415.8984375	8745.91552734	
1203.45007324	4477.35546875	4368.76806641	8846.12353516	
1203.5	4420.22314453	4343.64697266	8763.87011719	
1203.55004883	4407.63476562	4447.07666016	8854.71142578	
1203.60009766	4512.7890625	4463.63183594	8976.42089844	
1203.65002441	4532.05615234	4447.51611328	8979.57226562	
1203.70007324	4437.65283203	4477.31982422	8914.97265625	
1203.75	4457.41650391	4397.42919922	8854.84570312	
1203.80004883	4399.94287109	4426.80664062	8826.74951172	
1203.85009766	4437.65771484	4412.76904297	8850.42675781	
1203.90002441	4477.83837891	4506.62695312	8984.46533203	
1203.95007324	4558.89697266	4580.64355469	9139.54052734	
1204.0	4511.32568359	4465.1484375	8976.47412109	
1204.05004883	4493.72314453	4459.74609375	8953.46923828	
1204.10009766	4392.59521484	4493.78369141	8886.37890625	
1204.15002441	4497.52880859	4473.48828125	8971.01708984	
1204.20007324	4493.81787109	4447.24658203	8941.06445312	
1204.25	4525.96044922	4528.15673828	9054.1171875	
1204.30004883	4579.93164062	4601.22021484	9181.15185547	
1204.35009766	4382.3984375	4451.49169922	8833.89013672	
1204.40002441	4331.86083984	4490.99267578	8822.85351562	
1204.45007324	4534.86816406	4569.89501953	9104.76318359	
1204.5	4490.82861328	4494.01904297	8984.84765625	
1204.55004883	4462.21582031	4498.31933594	8960.53515625	
1204.60009766	4427.68994141	4547.35400391	8975.04394531	
1204.65002441	4512.52587891	4547.63867188	9060.16455078	
1204.70007324	4627.93212891	4571.10205078	9199.03417969	
1204.75	4520.97119141	4522.32666016	9043.29785156	
1204.80004883	4514.38964844	4507.86669922	9022.25634766	
1204.85009766	4543.49462891	4529.59228516	9073.08691406	
1204.90002441	4520.12451172	4587.20947266	9107.33398438	
1204.95007324	4449.3515625	4563.75146484	9013.10302734	
1205.0	4425.25439453	4625.76806641	9051.02246094	
1205.05004883	4574.80322266	4579.71972656	9154.52294922	
1205.10009766	4642.18066406	4630.52734375	9272.70800781	
1205.15002441	4514.24804688	4501.72412109	9015.97216797	
1205.20007324	4476.890625	4578.45410156	9055.34472656	
1205.25	4519.77685547	4546.30371094	9066.08056641	
1205.30004883	4504.66748047	4566.63720703	9071.3046875	
1205.35009766	4565.96923828	4667.37841797	9233.34765625	
1205.40002441	4632.21337891	4656.11425781	9288.32763672	
1205.45007324	4555.16210938	4666.64697266	9221.80908203	
1205.5	4580.30517578	4698.36572266	9278.67089844	
1205.55004883	4614.13134766	4667.39404297	9281.52539062	
1205.60009766	4518.53076172	4651.13818359	9169.66894531	
1205.65002441	4535.21240234	4656.09179688	9191.30419922	
1205.70007324	4512.59179688	4616.02050781	9128.61230469	
1205.75	4674.15820312	4643.98583984	9318.14404297	
1205.80004883	4651.40527344	4683.12744141	9334.53271484	
1205.85009766	4557.60400391	4618.49072266	9176.09472656	
1205.90002441	4618.47314453	4743.71582031	9362.18896484	
1205.95007324	4618.16943359	4735.37939453	9353.54882812	
1206.0	4609.2890625	4701.83447266	9311.12353516	
1206.05004883	4673.67089844	4622.76269531	9296.43359375	
1206.10009766	4773.28564453	4735.27099609	9508.55664062	
1206.15002441	4766.85253906	4735.24804688	9502.10058594	
1206.20007324	4608.53808594	4575.84814453	9184.38623047	
1206.25	4650.68164062	4621.69482422	9272.37646484	
1206.30004883	4656.29541016	4693.51708984	9349.8125	
1206.35009766	4711.34033203	4770.14160156	9481.48193359	
1206.40002441	4651.20068359	4812.703125	9463.90380859	
1206.45007324	4711.59130859	4728.40820312	9439.99951172	
1206.5	4714.52832031	4751.40136719	9465.9296875	
1206.55004883	4576.85839844	4805.10546875	9381.96386719	
1206.60009766	4726.79394531	4613.13525391	9339.92919922	
1206.65002441	4713.67285156	4772.75732422	9486.43017578	
1206.70007324	4676.23095703	4820.34912109	9496.58007812	
1206.75	4729.73242188	4748.82666016	9478.55908203	
1206.80004883	4684.74853516	4827.0703125	9511.81884766	
1206.85009766	4733.46386719	4748.96337891	9482.42724609	
1206.90002441	4630.89355469	4804.98681641	9435.88037109	
1206.95007324	4764.78515625	4807.03564453	9571.82080078	
1207.0	4771.37597656	4844.06054688	9615.43652344	
1207.05004883	4780.68652344	4859.99169922	9640.67822266	
1207.10009766	4798.10449219	4875.89599609	9674.00048828	
1207.15002441	4686.09619141	4798.77929688	9484.87548828	
1207.20007324	4726.59667969	4742.31982422	9468.91650391	
1207.25	4754.15332031	4851.1640625	9605.31738281	
1207.30004883	4739.20800781	4871.49072266	9610.69873047	
1207.35009766	4831.86132812	4861.91601562	9693.77734375	
1207.40002441	4778.57324219	4836.47753906	9615.05078125	
1207.45007324	4853.81445312	4806.33398438	9660.1484375	
1207.5	4854.05615234	4868.09912109	9722.15527344	
1207.55004883	4866.14013672	4869.75830078	9735.8984375	
1207.60009766	4783.73974609	4822.50976562	9606.24951172	
1207.65002441	4788.70556641	4905.98046875	9694.68603516	
1207.70007324	4773.01123047	4897.65185547	9670.66308594	
1207.75	4871.08300781	4883.79345703	9754.87646484	
1207.80004883	4923.26855469	4827.52001953	9750.78857422	
1207.85009766	4888.68115234	4957.77929688	9846.46044922	
1207.90002441	4899.62939453	4906.68847656	9806.31787109	
1207.95007324	4958.23974609	4788.92480469	9747.16455078	
1208.0	4982.07568359	4790.58203125	9772.65771484	
1208.05004883	4982.47753906	4837.46679688	9819.94433594	
1208.10009766	4917.99072266	4802.68896484	9720.6796875	
1208.15002441	5089.70898438	4965.0390625	10054.7480469	
1208.20007324	4970.93310547	4914.11914062	9885.05224609	
1208.25	4898.96728516	4937.35449219	9836.32177734	
1208.30004883	4954.20654297	4951.94384766	9906.15039062	
1208.35009766	4950.0546875	5006.97216797	9957.02685547	
1208.40002441	4950.77246094	5098.50537109	10049.277832	
1208.45007324	4961.5703125	5068.66552734	10030.2358398	
1208.5	4897.23876953	5063.7109375	9960.94970703	
1208.55004883	4877.53710938	4993.26025391	9870.79736328	
1208.60009766	4971.57324219	4996.30126953	9967.87451172	
1208.65002441	4915.1015625	4926.46728516	9841.56884766	
1208.70007324	4883.13623047	4949.21630859	9832.35253906	
1208.75	5059.71533203	4967.43164062	10027.1469727	
1208.80004883	5026.06396484	5021.52734375	10047.5913086	
1208.85009766	4955.796875	5021.73046875	9977.52734375	
1208.90002441	5019.00683594	4994.15673828	10013.1635742	
1208.95007324	5053.70068359	5028.23974609	10081.9404297	
1209.0	5090.14355469	4973.484375	10063.6279297	
1209.05004883	4951.50341797	5124.96337891	10076.4667969	
1209.10009766	5003.59765625	5075.09814453	10078.6958008	
1209.15002441	4957.07861328	5095.66894531	10052.7475586	
1209.20007324	4970.1484375	5055.34765625	10025.4960938	
1209.25	4956.70410156	5093.80224609	10050.5063477	
1209.30004883	5040.25292969	5017.84912109	10058.1020508	
1209.35009766	5027.85107422	5120.09082031	10147.9418945	
1209.40002441	4971.99707031	5018.92431641	9990.92138672	
1209.45007324	4898.30957031	5025.70849609	9924.01806641	
1209.5	4985.15576172	4950.10058594	9935.25634766	
1209.55004883	5050.67529297	4984.01611328	10034.6914062	
1209.60009766	4974.73925781	5123.35644531	10098.0957031	
1209.65002441	5057.23144531	5180.33105469	10237.5625	
1209.70007324	5135.12548828	5140.83154297	10275.9570312	
1209.75	5078.41162109	5068.13378906	10146.5454102	
1209.80004883	5078.30322266	5186.40722656	10264.7104492	
1209.85009766	5075.70019531	5093.56738281	10169.2675781	
1209.90002441	5095.33935547	5063.93603516	10159.2753906	
1209.95007324	5108.08691406	5213.5625	10321.6494141	
1210.0	5083.72851562	5166.30029297	10250.0288086	
1210.05004883	4999.97167969	5166.03759766	10166.0092773	
1210.10009766	5020.13183594	5108.94873047	10129.0805664	
1210.15002441	5073.68994141	5278.67529297	10352.3652344	
1210.20007324	5033.93554688	5210.16699219	10244.1025391	
1210.25	4978.25341797	5190.56933594	10168.8227539	
1210.30004883	5133.23974609	5086.92773438	10220.1674805	
1210.35009766	5096.97558594	5115.13671875	10212.1123047	
1210.40002441	4998.10644531	5222.19384766	10220.300293	
1210.45007324	5066.17724609	5131.78613281	10197.9633789	
1210.5	5059.32226562	5151.25537109	10210.5776367	
1210.55004883	5088.66015625	5255.44726562	10344.1074219	
1210.60009766	5134.55029297	5146.18505859	10280.7353516	
1210.65002441	5058.50244141	5081.59326172	10140.0957031	
1210.70007324	5152.4375	5238.45898438	10390.8964844	
1210.75	5219.04345703	5254.91210938	10473.9555664	
1210.80004883	5121.05078125	5188.06640625	10309.1171875	
1210.85009766	5087.36572266	5134.60742188	10221.9731445	
1210.90002441	5084.90380859	5213.78808594	10298.6918945	
1210.95007324	4949.44482422	5241.97119141	10191.4160156	
1211.0	5031.54199219	5070.703125	10102.2451172	
1211.05004883	5119.33154297	5073.62353516	10192.9550781	
1211.10009766	5186.74511719	5126.58398438	10313.3291016	
1211.15002441	5100.18652344	5191.90917969	10292.0957031	
1211.20007324	5117.88720703	5353.41210938	10471.2993164	
1211.25	5147.83349609	5221.86376953	10369.6972656	
1211.30004883	5118.93359375	5124.05908203	10242.9926758	
1211.35009766	5045.49951172	5125.94677734	10171.4462891	
1211.40002441	5040.83251953	5264.0625	10304.8950195	
1211.45007324	5050.86083984	5311.64746094	10362.5083008	
1211.5	5172.26074219	5312.50732422	10484.7680664	
1211.55004883	5074.28222656	5224.15673828	10298.4389648	
1211.60009766	5147.02783203	5130.25	10277.277832	
1211.65002441	5269.75097656	5113.45214844	10383.203125	
1211.70007324	5352.37207031	5303.32617188	10655.6982422	
1211.75	5226.03466797	5221.33886719	10447.3735352	
1211.80004883	5294.12255859	5285.36621094	10579.4887695	
1211.85009766	5249.63671875	5148.20263672	10397.8393555	
1211.90002441	5240.43505859	5105.43408203	10345.8691406	
1211.95007324	5292.05371094	5234.84228516	10526.8959961	
1212.0	5188.98046875	5296.63476562	10485.6152344	
1212.05004883	5248.76171875	5376.22558594	10624.9873047	
1212.10009766	5294.32666016	5358.34326172	10652.6699219	
1212.15002441	5404.07177734	5384.74072266	10788.8125	
1212.20007324	5412.69726562	5392.72558594	10805.4228516	
1212.25	5377.85791016	5361.11083984	10738.96875	
1212.30004883	5426.02148438	5480.99414062	10907.015625	
1212.35009766	5419.29931641	5550.48681641	10969.7861328	
1212.40002441	5388.29345703	5479.49804688	10867.7915039	
1212.45007324	5502.09228516	5467.07910156	10969.1713867	
1212.5	5539.31689453	5549.91992188	11089.2368164	
1212.55004883	5532.86083984	5586.09277344	11118.9536133	
1212.60009766	5598.04785156	5543.36328125	11141.4111328	
1212.65002441	5636.30078125	5553.55273438	11189.8535156	
1212.70007324	5709.11181641	5644.96728516	11354.0791016	
1212.75	5743.31103516	5683.26220703	11426.5732422	
1212.80004883	5710.52783203	5585.89013672	11296.4179688	
1212.85009766	5804.66357422	5751.27783203	11555.9414062	
1212.90002441	5834.13720703	5758.65136719	11592.7885742	
1212.95007324	5819.89160156	5709.72412109	11529.6157227	
1213.0	5742.90234375	5789.87402344	11532.7763672	
1213.05004883	5866.93505859	5863.67675781	11730.6118164	
1213.10009766	5806.33203125	5941.86621094	11748.1982422	
1213.15002441	5885.05957031	5904.33935547	11789.3989258	
1213.20007324	5996.43017578	5954.69824219	11951.128418	
1213.25	5926.03466797	5918.19140625	11844.2260742	
1213.30004883	5919.76318359	6094.08544922	12013.8486328	
1213.35009766	6052.36914062	6089.91650391	12142.2856445	
1213.40002441	5990.40527344	6058.85791016	12049.2631836	
1213.45007324	5947.58642578	6032.30029297	11979.8867188	
1213.5	6046.25878906	6119.12548828	12165.3842773	
1213.55004883	6002.36865234	6002.84277344	12005.2114258	
1213.60009766	5992.28271484	6069.32275391	12061.6054688	
1213.65002441	5982.53125	6034.44873047	12016.9799805	
1213.70007324	5979.57763672	6058.27294922	12037.8505859	
1213.75	5913.03466797	5905.99804688	11819.0327148	
1213.80004883	5918.296875	5859.36914062	11777.6660156	
1213.85009766	6014.28027344	5913.86669922	11928.1469727	
1213.90002441	6018.04296875	5838.55175781	11856.5947266	
1213.95007324	5837.26904297	5926.82666016	11764.0957031	
1214.0	5857.15136719	5987.82421875	11844.9755859	
1214.05004883	5892.07617188	5969.52099609	11861.597168	
1214.10009766	5742.59130859	5921.99853516	11664.5898438	
1214.15002441	5773.57177734	5764.49853516	11538.0703125	
1214.20007324	5755.10009766	5681.80371094	11436.9038086	
1214.25	5709.43896484	5724.86474609	11434.3037109	
1214.30004883	5640.34521484	5715.85693359	11356.2021484	
1214.35009766	5526.78564453	5613.31103516	11140.0966797	
1214.40002441	5567.90527344	5625.73144531	11193.6367188	
1214.45007324	5494.02587891	5606.86816406	11100.894043	
1214.5	5477.25732422	5445.39501953	10922.6523438	
1214.55004883	5538.05078125	5422.58984375	10960.640625	
1214.60009766	5415.30957031	5275.12451172	10690.434082	
1214.65002441	5339.34228516	5412.23046875	10751.5727539	
1214.70007324	5375.875	5376.87011719	10752.7451172	
1214.75	5322.57958984	5378.76953125	10701.3491211	
1214.80004883	5313.30957031	5330.26220703	10643.5717773	
1214.85009766	5209.29589844	5132.03222656	10341.328125	
1214.90002441	5102.92822266	5129.67919922	10232.6074219	
1214.95007324	5082.3515625	5153.21386719	10235.5654297	
1215.0	5091.53466797	5169.00732422	10260.5419922	
1215.05004883	5116.05957031	5109.59130859	10225.6508789	
1215.10009766	4999.69238281	5051.02246094	10050.7148438	
1215.15002441	4943.37304688	4983.39306641	9926.76611328	
1215.20007324	4936.36425781	4914.40820312	9850.77246094	
1215.25	4818.85644531	4771.47021484	9590.32666016	
1215.30004883	4828.80273438	4785.30371094	9614.10644531	
1215.35009766	4653.55566406	4871.37939453	9524.93505859	
1215.40002441	4716.5546875	4735.49560547	9452.05029297	
1215.45007324	4692.26416016	4681.37939453	9373.64355469	
1215.5	4591.12890625	4730.77832031	9321.90722656	
1215.55004883	4535.31445312	4653.25927734	9188.57373047	
1215.60009766	4569.04492188	4696.88964844	9265.93457031	
1215.65002441	4551.90625	4553.26953125	9105.17578125	
1215.70007324	4438.46777344	4494.31005859	8932.77783203	
1215.75	4366.82470703	4422.33544922	8789.16015625	
1215.80004883	4306.12792969	4405.60595703	8711.73388672	
1215.85009766	4238.93652344	4352.54541016	8591.48193359	
1215.90002441	4340.02880859	4414.13867188	8754.16748047	
1215.95007324	4425.63769531	4319.81689453	8745.45458984	
1216.0	4212.25048828	4264.48339844	8476.73388672	
1216.05004883	4343.30712891	4250.17333984	8593.48046875	
1216.10009766	4223.48730469	4222.50146484	8445.98876953	
1216.15002441	4234.56933594	4327.44384766	8562.01318359	
1216.20007324	4122.23046875	4144.69433594	8266.92480469	
1216.25	4140.42285156	4217.14208984	8357.56494141	
1216.30004883	4250.14404297	4203.31738281	8453.46142578	
1216.35009766	4122.39892578	4122.47119141	8244.87011719	
1216.40002441	3998.38964844	4079.59863281	8077.98828125	
1216.45007324	4016.43725586	4105.84277344	8122.2800293	
1216.5	3979.61328125	3981.91870117	7961.53198242	
1216.55004883	3997.89282227	4028.74462891	8026.63745117	
1216.60009766	3953.68286133	4090.31469727	8043.99755859	
1216.65002441	3945.58178711	3982.81176758	7928.39355469	
1216.70007324	4095.61450195	3903.14990234	7998.7644043	
1216.75	3971.12402344	3956.5859375	7927.70996094	
1216.80004883	3972.23779297	3972.76757812	7945.00537109	
1216.85009766	3936.81396484	3867.76342773	7804.57739258	
1216.90002441	3949.33154297	3904.87158203	7854.203125	
1216.95007324	3834.12329102	3918.35742188	7752.48071289	
1217.0	3843.15966797	3944.28686523	7787.4465332	
1217.05004883	3905.90673828	3926.47363281	7832.38037109	
1217.10009766	3942.99121094	3962.76782227	7905.7590332	
1217.15002441	3949.88769531	3887.1809082	7837.06860352	
1217.20007324	3876.08886719	3916.44628906	7792.53515625	
1217.25	3844.21386719	3874.05859375	7718.27246094	
1217.30004883	3819.11621094	3903.67578125	7722.79199219	
1217.35009766	3860.13964844	3819.43310547	7679.57275391	
1217.40002441	3959.48486328	3828.04663086	7787.53149414	
1217.45007324	3897.35864258	3877.90209961	7775.26074219	
1217.5	3891.62353516	3933.73779297	7825.36132812	
1217.55004883	3822.90600586	3834.42333984	7657.3293457	
1217.60009766	3801.99243164	3889.25512695	7691.24755859	
1217.65002441	3896.13256836	3960.83422852	7856.96679688	
1217.70007324	3968.60864258	3868.55297852	7837.16162109	
1217.75	3949.06396484	3935.75976562	7884.82373047	
1217.80004883	3981.22924805	3920.19506836	7901.42431641	
1217.85009766	3921.2199707	3963.48950195	7884.70947266	
1217.90002441	3903.56591797	3903.13964844	7806.70556641	
1217.95007324	4039.50512695	3946.35839844	7985.86352539	
1218.0	4031.76538086	4022.43481445	8054.20019531	
1218.05004883	3960.05029297	3991.59033203	7951.640625	
1218.10009766	3917.30712891	4041.05395508	7958.36108398	
1218.15002441	4007.03662109	4120.52001953	8127.55664062	
1218.20007324	4017.48364258	4019.95581055	8037.43945312	
1218.25	4070.19580078	4154.0390625	8224.23486328	
1218.30004883	4162.41992188	4282.26708984	8444.68701172	
1218.35009766	4214.40722656	4376.85742188	8591.26464844	
1218.40002441	4329.53955078	4350.47216797	8680.01171875	
1218.45007324	4384.66992188	4457.19091797	8841.86083984	
1218.5	4432.01806641	4453.22265625	8885.24072266	
1218.55004883	4522.68457031	4571.55712891	9094.24169922	
1218.60009766	4661.04833984	4618.71826172	9279.76660156	
1218.65002441	4736.05371094	4659.29199219	9395.34570312	
1218.70007324	4780.87792969	4693.70410156	9474.58203125	
1218.75	4994.98339844	4879.24902344	9874.23242188	
1218.80004883	5139.13769531	5159.98388672	10299.121582	
1218.85009766	5243.57324219	5191.68115234	10435.2543945	
1218.90002441	5225.04882812	5247.03759766	10472.0864258	
1218.95007324	5269.14257812	5345.37109375	10614.5136719	
1219.0	5527.39257812	5451.80566406	10979.1982422	
1219.05004883	5675.45849609	5713.3828125	11388.8413086	
1219.10009766	5787.30761719	5881.83935547	11669.1469727	
1219.15002441	5958.47265625	5930.8828125	11889.3554688	
1219.20007324	6131.4921875	6146.06591797	12277.5581055	
1219.25	6235.08203125	6310.91162109	12545.9936523	
1219.30004883	6258.16699219	6519.35107422	12777.5180664	
1219.35009766	6421.21484375	6577.03222656	12998.2470703	
1219.40002441	6610.70214844	6713.91796875	13324.6201172	
1219.45007324	7067.4453125	6861.91455078	13929.3598633	
1219.5	6989.88964844	6887.44140625	13877.3310547	
1219.55004883	7302.02490234	7264.87451172	14566.8994141	
1219.60009766	7385.55810547	7416.38574219	14801.9438477	
1219.65002441	7618.48144531	7744.40917969	15362.890625	
1219.70007324	7637.42138672	7882.70019531	15520.121582	
1219.75	8109.12304688	8016.92138672	16126.0444336	
1219.80004883	8128.24365234	8075.47363281	16203.7172852	
1219.85009766	8166.24707031	8313.63085938	16479.8779297	
1219.90002441	8516.05371094	8355.77050781	16871.8242188	
1219.95007324	8647.02734375	8562.67089844	17209.6982422	
1220.0	8802.20703125	8846.96484375	17649.171875	
1220.05004883	9090.078125	9055.13671875	18145.2148438	
1220.10009766	9192.41992188	9354.95117188	18547.3710938	
1220.15002441	9296.96289062	9468.24902344	18765.2119141	
1220.20007324	9475.38183594	9627.86523438	19103.2470703	
1220.25	9631.34179688	9664.60449219	19295.9462891	
1220.30004883	10060.6201172	9955.13867188	20015.7587891	
1220.35009766	10137.5576172	10058.1123047	20195.6699219	
1220.40002441	10396.9707031	10305.1210938	20702.0917969	
1220.45007324	10417.7490234	10524.5585938	20942.3076172	
1220.5	10436.3505859	10585.1572266	21021.5078125	
1220.55004883	10640.8818359	10689.8857422	21330.7675781	
1220.60009766	10920.7685547	10900.0771484	21820.8457031	
1220.65002441	11106.6484375	11032.0957031	22138.7441406	
1220.70007324	10947.3564453	11270.7519531	22218.1083984	
1220.75	11306.3837891	11318.2529297	22624.6367188	
1220.80004883	11602.8242188	11550.4873047	23153.3115234	
1220.85009766	11702.0791016	11848.2207031	23550.2998047	
1220.90002441	11736.453125	11896.4814453	23632.9345703	
1220.95007324	11867.0273438	12174.7021484	24041.7294922	
1221.0	12181.7919922	12197.2587891	24379.0507812	
1221.05004883	12372.3857422	12216.2197266	24588.6054688	
1221.10009766	12649.0976562	12333.6728516	24982.7705078	
1221.15002441	12510.3759766	12723.5341797	25233.9101562	
1221.20007324	12710.2724609	12899.8037109	25610.0761719	
1221.25	12906.6464844	12848.5029297	25755.1494141	
1221.30004883	12955.6425781	13021.4472656	25977.0898438	
1221.35009766	13044.6074219	13412.8378906	26457.4453125	
1221.40002441	13275.4804688	13575.0380859	26850.5185547	
1221.45007324	13392.5351562	13644.5488281	27037.0839844	
1221.5	13544.0703125	13631.7402344	27175.8105469	
1221.55004883	13670.0341797	13591.3798828	27261.4140625	
1221.60009766	13950.390625	14031.1699219	27981.5605469	
1221.65002441	14071.9414062	14236.1630859	28308.1044922	
1221.70007324	14216.1787109	14481.2890625	28697.4677734	
1221.75	14278.6875	14568.3359375	28847.0234375	
1221.80004883	14501.6933594	14754.7519531	29256.4453125	
1221.85009766	14820.6367188	14841.3740234	29662.0107422	
1221.90002441	14770.0253906	14939.8886719	29709.9140625	
1221.95007324	14875.4931641	15086.6132812	29962.1064453	
1222.0	15164.1015625	15227.8388672	30391.9404297	
1222.05004883	15408.9990234	15120.4150391	30529.4140625	
1222.10009766	15548.1445312	15279.2207031	30827.3652344	
1222.15002441	15400.7158203	15529.34375	30930.0595703	
1222.20007324	15363.09375	15729.2236328	31092.3173828	
1222.25	15603.5966797	15935.5449219	31539.1416016	
1222.30004883	15821.9394531	15831.515625	31653.4550781	
1222.35009766	15970.3007812	16124.7861328	32095.0869141	
1222.40002441	16186.9892578	16375.2548828	32562.2441406	
1222.45007324	16225.4990234	16376.6748047	32602.1738281	
1222.5	16314.3867188	16445.515625	32759.9023438	
1222.55004883	16530.2324219	16571.8320312	33102.0644531	
1222.60009766	16532.0527344	16527.0625	33059.1152344	
1222.65002441	16623.4433594	16494.4960938	33117.9394531	
1222.70007324	16785.5429688	16846.1738281	33631.7167969	
1222.75	16773.8007812	16888.7539062	33662.5546875	
1222.80004883	17009.4003906	16979.90625	33989.3066406	
1222.85009766	17021.5078125	17064.1269531	34085.6347656	
1222.90002441	17187.2734375	17358.5878906	34545.8613281	
1222.95007324	17280.8457031	17318.5917969	34599.4375	
1223.0	17162.9414062	17287.6367188	34450.578125	
1223.05004883	17412.6738281	17396.0488281	34808.7226562	
1223.10009766	17404.0351562	17313.0683594	34717.1035156	
1223.15002441	17303.1621094	17510.1269531	34813.2890625	
1223.20007324	17353.7148438	17596.0507812	34949.765625	
1223.25	17574.5742188	17686.4101562	35260.984375	
1223.30004883	17672.375	17508.5097656	35180.8847656	
1223.35009766	17652.3242188	17659.2246094	35311.5488281	
1223.40002441	17666.9414062	17640.8808594	35307.8222656	
1223.45007324	17509.2402344	17723.2539062	35232.4941406	
1223.5	17820.2109375	17767.0273438	35587.2382812	
1223.55004883	17593.6132812	17605.03125	35198.6445312	
1223.60009766	17612.953125	17595.9550781	35208.9082031	
1223.65002441	17588.8964844	17646.9335938	35235.8300781	
1223.70007324	17566.4980469	17424.90625	34991.4042969	
1223.75	17500.7871094	17494.4042969	34995.1914062	
1223.80004883	17397.9296875	17457.0878906	34855.0175781	
1223.85009766	17286.4140625	17230.8007812	34517.2148438	
1223.90002441	17222.0878906	17320.9375	34543.0253906	
1223.95007324	17143.5488281	17178.4804688	34322.0292969	
1224.0	17223.4375	17001.6640625	34225.1015625	
1224.05004883	17233.5546875	16849.0136719	34082.5683594	
1224.10009766	17047.9921875	16861.90625	33909.8984375	
1224.15002441	16845.9609375	16654.0371094	33499.9980469	
1224.20007324	16776.3671875	16685.1054688	33461.4726562	
1224.25	16518.3125	16745.65625	33263.96875	
1224.30004883	16148.9833984	16457.1972656	32606.1806641	
1224.35009766	16026.0712891	16115.4765625	32141.5478516	
1224.40002441	16190.0488281	16165.9179688	32355.9667969	
1224.45007324	16053.3769531	16149.1533203	32202.5302734	
1224.5	15857.9003906	16100.2998047	31958.2001953	
1224.55004883	15862.1533203	15932.6005859	31794.7539062	
1224.60009766	15658.6943359	15829.5576172	31488.2519531	
1224.65002441	15655.2832031	15741.4619141	31396.7451172	
1224.70007324	15296.2236328	15731.6757812	31027.8994141	
1224.75	15574.4277344	15323.7119141	30898.1396484	
1224.80004883	15474.8330078	15447.5703125	30922.4033203	
1224.85009766	15330.0859375	15331.4238281	30661.5097656	
1224.90002441	15160.0908203	15101.8916016	30261.9824219	
1224.95007324	15036.0625	15041.6552734	30077.7177734	
1225.0	14927.6083984	14899.4042969	29827.0126953	
1225.05004883	14833.2060547	14844.9199219	29678.1259766	
1225.10009766	14571.4501953	14650.7792969	29222.2294922	
1225.15002441	14445.7119141	14639.9111328	29085.6230469	
1225.20007324	14290.4726562	14428.7597656	28719.2324219	
1225.25	14320.8867188	14315.3798828	28636.2666016	
1225.30004883	14225.3466797	14313.2539062	28538.6005859	
1225.35009766	14071.5400391	14094.6826172	28166.2226562	
1225.40002441	13921.7783203	13973.6875	27895.4658203	
1225.45007324	13652.3388672	13813.5654297	27465.9042969	
1225.5	13452.5283203	13413.9160156	26866.4443359	
1225.55004883	13248.1884766	13265.5527344	26513.7412109	
1225.60009766	13086.4042969	13161.3603516	26247.7646484	
1225.65002441	13005.3925781	12885.2666016	25890.6591797	
1225.70007324	12713.7900391	12702.4882812	25416.2783203	
1225.75	12488.0019531	12422.0351562	24910.0371094	
1225.80004883	12195.4345703	12161.5810547	24357.015625	
1225.85009766	11918.5263672	11750.4052734	23668.9316406	
1225.90002441	11451.8642578	11635.0029297	23086.8671875	
1225.95007324	11515.4316406	11351.6298828	22867.0615234	
1226.0	11246.3496094	11197.2910156	22443.640625	
1226.05004883	10843.9160156	10970.3085938	21814.2246094	
1226.10009766	10508.078125	10612.8837891	21120.9619141	
1226.15002441	10273.4472656	10298.8457031	20572.2929688	
1226.20007324	9969.71484375	10166.4179688	20136.1328125	
1226.25	9697.29882812	9728.91601562	19426.2148438	
1226.30004883	9362.31738281	9607.73046875	18970.0478516	
1226.35009766	9153.76367188	9171.90527344	18325.6689453	
1226.40002441	8837.55566406	8886.15429688	17723.7099609	
1226.45007324	8633.89648438	8728.50683594	17362.4033203	
1226.5	8262.40234375	8323.53710938	16585.9394531	
1226.55004883	7902.20019531	8037.49462891	15939.6948242	
1226.60009766	7640.39892578	7814.14648438	15454.5454102	
1226.65002441	7370.71337891	7392.54882812	14763.262207	
1226.70007324	7110.09179688	6968.76708984	14078.8588867	
1226.75	6869.046875	6783.18896484	13652.2358398	
1226.80004883	6567.98144531	6509.01708984	13076.9985352	
1226.85009766	6221.74902344	6222.72949219	12444.4785156	
1226.90002441	5949.6484375	6041.28613281	11990.9345703	
1226.95007324	5758.5078125	5670.390625	11428.8984375	
1227.0	5488.67675781	5392.67578125	10881.3525391	
1227.05004883	5285.5078125	5094.89794922	10380.4057617	
1227.10009766	4991.10351562	4997.76123047	9988.86474609	
1227.15002441	4730.07275391	4732.47607422	9462.54882812	
1227.20007324	4501.16601562	4447.00439453	8948.17041016	
1227.25	4380.49658203	4290.36523438	8670.86181641	
1227.30004883	4162.98681641	4274.72070312	8437.70751953	
1227.35009766	3950.36279297	3966.40698242	7916.76977539	
1227.40002441	3747.83447266	3760.25439453	7508.08886719	
1227.45007324	3589.27099609	3538.19946289	7127.47045898	
1227.5	3334.05102539	3314.55859375	6648.60961914	
1227.55004883	3211.15209961	3202.05810547	6413.21020508	
1227.60009766	2954.7980957	3142.83911133	6097.63720703	
1227.65002441	2874.82177734	2946.90527344	5821.72705078	
1227.70007324	2760.9465332	2880.54785156	5641.49438477	
1227.75	2654.89257812	2711.31665039	5366.20922852	
1227.80004883	2576.47094727	2566.42822266	5142.89916992	
1227.85009766	2503.98095703	2391.70581055	4895.68676758	
1227.90002441	2418.99829102	2349.0378418	4768.03613281	
1227.95007324	2415.81054688	2284.91821289	4700.72875977	
1228.0	2296.83862305	2263.04370117	4559.88232422	
1228.05004883	2119.60913086	2178.90649414	4298.515625	
1228.10009766	2037.51538086	2037.02758789	4074.54296875	
1228.15002441	2056.19067383	2099.40917969	4155.59985352	
1228.20007324	1977.53393555	1915.52587891	3893.05981445	
1228.25	1950.60302734	1924.87524414	3875.47827148	
1228.30004883	1912.64587402	1930.71032715	3843.35620117	
1228.35009766	1844.10290527	1862.67736816	3706.78027344	
1228.40002441	1798.07348633	1738.73059082	3536.80407715	
1228.45007324	1780.66149902	1742.63378906	3523.29528809	
1228.5	1728.11120605	1723.21691895	3451.328125	
1228.55004883	1695.03820801	1700.44311523	3395.48132324	
1228.60009766	1652.75585938	1688.25952148	3341.01538086	
1228.65002441	1639.70947266	1618.54003906	3258.24951172	
1228.70007324	1588.12036133	1626.60070801	3214.72106934	
1228.75	1658.0098877	1621.63598633	3279.64587402	
1228.80004883	1584.55932617	1598.02441406	3182.58374023	
1228.85009766	1524.44006348	1642.59155273	3167.03161621	
1228.90002441	1579.4140625	1530.22912598	3109.64318848	
1228.95007324	1517.08618164	1468.60083008	2985.68701172	
1229.0	1486.77368164	1429.42700195	2916.20068359	
1229.05004883	1444.55395508	1440.92407227	2885.47802734	
1229.10009766	1382.4095459	1492.11315918	2874.52270508	
1229.15002441	1463.78710938	1481.06225586	2944.84936523	
1229.20007324	1456.9822998	1352.98901367	2809.97131348	
1229.25	1367.04626465	1401.54602051	2768.59228516	
1229.30004883	1420.96520996	1440.89440918	2861.85961914	
1229.35009766	1284.77209473	1395.47888184	2680.25097656	
1229.40002441	1350.63916016	1357.12329102	2707.76245117	
1229.45007324	1401.64697266	1292.28649902	2693.93347168	
1229.5	1344.64465332	1407.54675293	2752.19140625	
1229.55004883	1370.60839844	1398.39794922	2769.00634766	
1229.60009766	1312.31518555	1328.42797852	2640.74316406	
1229.65002441	1304.11877441	1237.61022949	2541.72900391	
1229.70007324	1303.54345703	1296.17480469	2599.71826172	
1229.75	1236.40649414	1294.1463623	2530.55285645	
1229.80004883	1265.70031738	1271.33300781	2537.0333252	
1229.85009766	1255.44763184	1281.81408691	2537.26171875	
1229.90002441	1229.79638672	1210.00134277	2439.79772949	
1229.95007324	1225.76806641	1189.08569336	2414.85375977	
1230.0	1184.31188965	1233.88110352	2418.19299316	
1230.05004883	1289.25061035	1210.33898926	2499.58959961	
1230.10009766	1251.45825195	1242.66210938	2494.12036133	
1230.15002441	1241.47058105	1209.92346191	2451.39404297	
1230.20007324	1247.52697754	1204.70581055	2452.23278809	
1230.25	1167.77429199	1202.45288086	2370.22717285	
1230.30004883	1193.01037598	1167.85412598	2360.86450195	
1230.35009766	1155.12390137	1146.97058105	2302.09448242	
1230.40002441	1176.4777832	1196.52770996	2373.00549316	
1230.45007324	1174.73046875	1241.13745117	2415.86791992	
1230.5	1185.34326172	1118.52636719	2303.86962891	
1230.55004883	1217.39245605	1162.4708252	2379.86328125	
1230.60009766	1153.4185791	1131.0802002	2284.4987793	
1230.65002441	1153.23364258	1072.49890137	2225.73254395	
1230.70007324	1153.96655273	1163.59411621	2317.56066895	
1230.75	1050.88525391	1140.57019043	2191.45544434	
1230.80004883	1157.55688477	1112.06835938	2269.62524414	
1230.85009766	1131.23242188	1141.40600586	2272.63842773	
1230.90002441	1120.0411377	1051.35424805	2171.39538574	
1230.95007324	1141.08972168	1099.17724609	2240.26696777	
1231.0	1147.45288086	1077.02905273	2224.48193359	
1231.05004883	1118.91894531	1108.03771973	2226.95666504	
1231.10009766	1058.97436523	1130.08447266	2189.05883789	
1231.15002441	1094.13012695	1085.09631348	2179.22644043	
1231.20007324	1042.08483887	1107.34631348	2149.43115234	
1231.25	1092.27490234	1112.44580078	2204.72070312	
1231.30004883	1075.5838623	1087.75415039	2163.3380127	
1231.35009766	1040.4152832	1070.78869629	2111.20397949	
1231.40002441	1062.31018066	1024.72937012	2087.03955078	
1231.45007324	1054.88867188	1084.7130127	2139.60168457	
1231.5	1072.70800781	1060.65893555	2133.36694336	
1231.55004883	1106.41223145	1052.23913574	2158.65136719	
1231.60009766	1091.91674805	1107.10302734	2199.01977539	
1231.65002441	1092.23669434	1072.7097168	2164.94641113	
1231.70007324	1111.75073242	1046.11450195	2157.86523438	
1231.75	1090.56726074	1072.38208008	2162.94934082	
1231.80004883	1016.41748047	1077.02893066	2093.44641113	
1231.85009766	1050.79187012	1066.0690918	2116.86096191	
1231.90002441	1026.93762207	1006.88720703	2033.8248291	
1231.95007324	1024.3671875	968.808654785	1993.17584229	
1232.0	995.36529541	965.879333496	1961.24462891	
1232.05004883	1036.85327148	1026.38574219	2063.23901367	
1232.10009766	1057.88439941	1005.51690674	2063.40130615	
1232.15002441	1040.73266602	1015.75128174	2056.48394775	
1232.20007324	1011.33953857	1030.61071777	2041.95025635	
1232.25	1050.39978027	1059.44702148	2109.84680176	
1232.30004883	1014.78082275	1061.69897461	2076.47979736	
1232.35009766	1022.45068359	1031.26879883	2053.71948242	
1232.40002441	1082.94689941	1015.56158447	2098.50848389	
1232.45007324	1027.06750488	997.932739258	2025.00024414	
1232.5	1020.41204834	1011.5925293	2032.00457764	
1232.55004883	1004.03497314	1012.16015625	2016.19512939	
1232.60009766	980.560791016	984.274597168	1964.83538818	
1232.65002441	989.741516113	1010.28314209	2000.0246582	
1232.70007324	1006.66687012	1004.68847656	2011.35534668	
1232.75	1002.63208008	998.440124512	2001.07220459	
1232.80004883	982.40435791	980.278869629	1962.68322754	
1232.85009766	985.220153809	973.797058105	1959.01721191	
1232.90002441	952.476867676	998.687133789	1951.16400146	
1232.95007324	944.713989258	947.974914551	1892.68890381	
1233.0	978.632141113	952.856811523	1931.48895264	
1233.05004883	935.175964355	971.022033691	1906.19799805	
1233.10009766	964.877502441	1013.54571533	1978.42321777	
1233.15002441	990.681518555	1004.88208008	1995.56359863	
1233.20007324	963.455871582	955.443359375	1918.89923096	
1233.25	932.655578613	949.512145996	1882.16772461	
1233.30004883	1001.34942627	997.669250488	1999.01867676	
1233.35009766	975.796081543	1052.8927002	2028.68878174	
1233.40002441	1001.43823242	1016.81555176	2018.25378418	
1233.45007324	959.991210938	992.798217773	1952.78942871	
1233.5	945.376037598	1023.94433594	1969.32037354	
1233.55004883	945.25793457	959.02722168	1904.28515625	
1233.60009766	989.061401367	965.014892578	1954.07629395	
1233.65002441	937.764953613	939.088806152	1876.85375977	
1233.70007324	976.594726562	954.180419922	1930.77514648	
1233.75	962.176208496	968.350158691	1930.52636719	
1233.80004883	1003.96453857	906.32043457	1910.28497314	
1233.85009766	950.374572754	970.878723145	1921.2532959	
1233.90002441	970.409240723	929.326171875	1899.7354126	
1233.95007324	971.468322754	950.18536377	1921.65368652	
1234.0	943.674987793	949.698486328	1893.37347412	
1234.05004883	960.848205566	941.196838379	1902.04504395	
1234.10009766	958.158508301	920.215087891	1878.37359619	
1234.15002441	963.445861816	921.465820312	1884.91168213	
1234.20007324	928.334655762	936.796508789	1865.13116455	
1234.25	979.888305664	962.675292969	1942.56359863	
1234.30004883	961.110229492	951.050354004	1912.1605835	
1234.35009766	972.70916748	945.034484863	1917.74365234	
1234.40002441	942.991699219	966.739685059	1909.73138428	
1234.45007324	935.217346191	938.635192871	1873.85253906	
1234.5	950.954467773	951.255859375	1902.21032715	
1234.55004883	947.97833252	964.958435059	1912.93676758	
1234.60009766	976.471923828	926.35534668	1902.82727051	
1234.65002441	974.344238281	892.256347656	1866.60058594	
1234.70007324	937.631225586	910.927368164	1848.55859375	
1234.75	930.108215332	906.38079834	1836.48901367	
1234.80004883	874.621154785	926.359069824	1800.98022461	
1234.85009766	910.606079102	906.78894043	1817.39501953	
1234.90002441	932.535095215	923.650634766	1856.18572998	
1234.95007324	905.396362305	915.83001709	1821.22637939	
1235.0	907.44744873	940.11541748	1847.56286621	
1235.05004883	949.217468262	920.776306152	1869.99377441	
1235.10009766	928.555725098	929.743347168	1858.29907227	
1235.15002441	899.475952148	950.874023438	1850.34997559	
1235.20007324	898.415100098	925.061706543	1823.47680664	
1235.25	932.094238281	876.475402832	1808.56964111	
1235.30004883	942.520385742	899.097900391	1841.61828613	
1235.35009766	921.334594727	914.626281738	1835.96087646	
1235.40002441	896.620239258	855.814086914	1752.43432617	
1235.45007324	905.617004395	928.955322266	1834.57232666	
1235.5	928.231384277	942.80847168	1871.03985596	
1235.55004883	927.946777344	908.222351074	1836.16912842	
1235.60009766	881.52557373	918.640380859	1800.16595459	
1235.65002441	915.589050293	905.226623535	1820.81567383	
1235.70007324	912.512939453	948.761413574	1861.27435303	
1235.75	925.891235352	956.369995117	1882.26123047	
1235.80004883	900.310424805	945.761657715	1846.07208252	
1235.85009766	920.494812012	951.686706543	1872.18151855	
1235.90002441	908.52923584	913.819641113	1822.34887695	
1235.95007324	926.34942627	949.791687012	1876.14111328	
1236.0	907.221435547	931.752807617	1838.97424316	
1236.05004883	914.105041504	911.54675293	1825.65179443	
1236.10009766	897.206115723	893.988647461	1791.19476318	
1236.15002441	904.578430176	901.604919434	1806.18334961	
1236.20007324	899.357299805	905.418273926	1804.77557373	
1236.25	939.079711914	874.65222168	1813.73193359	
1236.30004883	937.538208008	889.29309082	1826.83129883	
1236.35009766	901.819152832	956.27520752	1858.09436035	
1236.40002441	948.530883789	890.38482666	1838.91571045	
1236.45007324	920.939025879	920.272460938	1841.21148682	
1236.5	928.399291992	874.505004883	1802.90429688	
1236.55004883	892.885498047	865.819091797	1758.70458984	
1236.60009766	899.675231934	852.485595703	1752.16082764	
1236.65002441	903.487426758	884.027709961	1787.51513672	
1236.70007324	867.765991211	886.807189941	1754.57318115	
1236.75	865.378356934	862.653320312	1728.03167725	
1236.80004883	902.209533691	911.466247559	1813.67578125	
1236.85009766	895.516174316	931.58807373	1827.10424805	
1236.90002441	875.292480469	869.130004883	1744.42248535	
1236.95007324	914.841369629	886.441345215	1801.28271484	
1237.0	912.955505371	933.378112793	1846.33361816	
1237.05004883	882.418701172	880.795349121	1763.21405029	
1237.10009766	884.088378906	883.396118164	1767.48449707	
1237.15002441	876.127990723	914.929321289	1791.05731201	
1237.20007324	869.278015137	887.766967773	1757.04498291	
1237.25	867.883605957	871.944030762	1739.82763672	
1237.30004883	871.10760498	908.096313477	1779.20391846	
1237.35009766	840.54095459	852.150939941	1692.69189453	
1237.40002441	827.095031738	895.725585938	1722.82061768	
1237.45007324	923.440673828	936.760925293	1860.20159912	
1237.5	925.218261719	919.725830078	1844.9440918	
1237.55004883	925.902832031	945.918518066	1871.8213501	
1237.60009766	905.175109863	904.750061035	1809.9251709	
1237.65002441	868.169555664	924.613098145	1792.78265381	
1237.70007324	874.174438477	905.164794922	1779.3392334	
1237.75	899.251220703	864.708435059	1763.95965576	
1237.80004883	926.968200684	930.321533203	1857.28973389	
1237.85009766	876.518066406	865.38671875	1741.90478516	
1237.90002441	905.417663574	847.418945312	1752.83660889	
1237.95007324	891.021179199	906.326293945	1797.34747314	
1238.0	910.411010742	853.643188477	1764.05419922	
1238.05004883	924.573974609	894.600097656	1819.17407227	
1238.10009766	903.713684082	950.303955078	1854.01763916	
1238.15002441	955.480285645	908.354553223	1863.83483887	
1238.20007324	933.672241211	838.974304199	1772.64654541	
1238.25	894.921630859	866.62902832	1761.55065918	
1238.30004883	898.404541016	875.861877441	1774.26641846	
1238.35009766	890.692504883	906.327880859	1797.02038574	
1238.40002441	884.385559082	918.739562988	1803.12512207	
1238.45007324	826.27532959	847.305664062	1673.58099365	
1238.5	866.074829102	819.991333008	1686.06616211	
1238.55004883	898.253723145	879.307739258	1777.5614624	
1238.60009766	836.81048584	854.156860352	1690.96734619	
1238.65002441	851.456970215	856.120361328	1707.57733154	
1238.70007324	869.850097656	891.541625977	1761.39172363	
1238.75	855.385253906	914.529846191	1769.9151001	
1238.80004883	838.509643555	891.560913086	1730.07055664	
1238.85009766	844.736999512	898.144592285	1742.8815918	
1238.90002441	867.686706543	900.876586914	1768.56329346	
1238.95007324	841.882629395	896.122802734	1738.00543213	
1239.0	898.668701172	853.869140625	1752.5378418	
1239.05004883	875.582702637	918.485839844	1794.06854248	
1239.10009766	815.02520752	873.569885254	1688.59509277	
1239.15002441	870.641357422	888.272888184	1758.91424561	
1239.20007324	871.023254395	921.523132324	1792.54638672	
1239.25	875.190246582	903.167114258	1778.35736084	
1239.30004883	817.70513916	884.237426758	1701.94256592	
1239.35009766	853.577758789	912.697509766	1766.27526855	
1239.40002441	851.070373535	925.953857422	1777.02423096	
1239.45007324	862.705688477	847.669006348	1710.37469482	
1239.5	844.954345703	870.686157227	1715.64050293	
1239.55004883	862.512329102	834.89050293	1697.40283203	
1239.60009766	898.71484375	822.197570801	1720.91241455	
1239.65002441	860.077758789	896.628540039	1756.70629883	
1239.70007324	881.387634277	918.406005859	1799.79364014	
1239.75	891.844848633	872.832458496	1764.67730713	
1239.80004883	868.535705566	868.50378418	1737.03948975	
1239.85009766	866.350524902	843.246826172	1709.59735107	
1239.90002441	877.380615234	830.618164062	1707.9987793	
1239.95007324	862.921569824	861.993530273	1724.9151001	
1240.0	885.956115723	869.854187012	1755.81030273	
1240.05004883	877.598571777	885.230285645	1762.82885742	
1240.10009766	874.220336914	880.374450684	1754.5947876	
1240.15002441	901.469970703	891.204833984	1792.67480469	
1240.20007324	865.672058105	861.620422363	1727.29248047	
1240.25	827.887939453	884.097045898	1711.98498535	
1240.30004883	838.967651367	899.509216309	1738.47686768	
1240.35009766	815.16809082	890.938537598	1706.10662842	
1240.40002441	897.491516113	889.702819824	1787.19433594	
1240.45007324	877.981506348	920.782104492	1798.76361084	
1240.5	885.773010254	876.526000977	1762.29901123	
1240.55004883	895.365661621	873.608337402	1768.97399902	
1240.60009766	831.74810791	858.745483398	1690.49359131	
1240.65002441	845.583374023	837.640136719	1683.22351074	
1240.70007324	871.112976074	862.496398926	1733.609375	
1240.75	826.347961426	816.337158203	1642.68511963	
1240.80004883	810.214355469	824.543945312	1634.75830078	
1240.85009766	882.184082031	904.921569824	1787.10565186	
1240.90002441	873.411132812	853.898620605	1727.30975342	
1240.95007324	835.603759766	835.062316895	1670.66607666	
1241.0	833.352661133	886.449707031	1719.80236816	
1241.05004883	847.012268066	869.195739746	1716.20800781	
1241.10009766	827.509521484	830.604125977	1658.11364746	
1241.15002441	842.995361328	836.637268066	1679.63262939	
1241.20007324	853.831787109	839.686828613	1693.51861572	
1241.25	852.315551758	871.989379883	1724.30493164	
1241.30004883	862.421386719	899.929321289	1762.35070801	
1241.35009766	853.925415039	824.259094238	1678.18450928	
1241.40002441	887.114746094	831.504272461	1718.61901855	
1241.45007324	904.431640625	841.655639648	1746.08728027	
1241.5	848.469787598	865.821960449	1714.29174805	
1241.55004883	867.980651855	835.667907715	1703.64855957	
1241.60009766	833.21496582	844.370239258	1677.58520508	
1241.65002441	821.304931641	839.526000977	1660.83093262	
1241.70007324	830.897155762	864.627563477	1695.52471924	
1241.75	852.193115234	819.660461426	1671.85357666	
1241.80004883	862.128540039	848.80267334	1710.93121338	
1241.85009766	852.651550293	793.638305664	1646.28985596	
1241.90002441	834.027954102	876.338439941	1710.36639404	
1241.95007324	814.125732422	860.583374023	1674.70910645	
1242.0	869.617858887	828.66204834	1698.27990723	
1242.05004883	856.909118652	855.757324219	1712.66644287	
1242.10009766	831.424133301	886.030456543	1717.45458984	
1242.15002441	813.866271973	822.826538086	1636.69281006	
1242.20007324	793.867614746	866.312805176	1660.18041992	
1242.25	863.215393066	853.955627441	1717.17102051	
1242.30004883	806.171569824	869.01159668	1675.1831665	
1242.35009766	868.52746582	848.00567627	1716.53314209	
1242.40002441	821.105895996	856.145019531	1677.25091553	
1242.45007324	836.420166016	841.700439453	1678.12060547	
1242.5	825.263427734	899.925048828	1725.18847656	
1242.55004883	812.533203125	903.31036377	1715.84356689	
1242.60009766	886.413330078	847.920898438	1734.33422852	
1242.65002441	883.86907959	843.627685547	1727.49676514	
1242.70007324	895.381347656	903.620849609	1799.00219727	
1242.75	900.527526855	822.335083008	1722.86260986	
1242.80004883	853.606201172	863.721069336	1717.32727051	
1242.85009766	869.799621582	874.707214355	1744.50683594	
1242.90002441	842.720947266	859.978393555	1702.69934082	
1242.95007324	893.138916016	835.184204102	1728.32312012	
1243.0	863.623840332	859.227355957	1722.85119629	
1243.05004883	827.303649902	811.168457031	1638.47210693	
1243.10009766	801.523254395	861.561523438	1663.08477783	
1243.15002441	852.739196777	840.289001465	1693.02819824	
1243.20007324	796.082214355	883.529052734	1679.61126709	
1243.25	848.039245605	881.887390137	1729.92663574	
1243.30004883	848.355651855	817.137329102	1665.49298096	
1243.35009766	811.98638916	805.407592773	1617.39398193	
1243.40002441	881.487915039	813.161499023	1694.64941406	
1243.45007324	882.714782715	839.710754395	1722.42553711	
1243.5	869.035766602	854.541320801	1723.5770874	
1243.55004883	838.548461914	883.652099609	1722.20056152	
1243.60009766	795.208740234	822.034606934	1617.24334717	
1243.65002441	838.066589355	805.587768555	1643.65435791	
1243.70007324	853.18963623	837.902099609	1691.09173584	
1243.75	829.042602539	829.447753906	1658.49035645	
1243.80004883	841.500610352	836.130126953	1677.6307373	
1243.85009766	847.998901367	802.477416992	1650.47631836	
1243.90002441	861.697692871	825.149475098	1686.84716797	
1243.95007324	859.816101074	854.687438965	1714.50354004	
1244.0	843.464599609	857.612609863	1701.07720947	
1244.05004883	857.248413086	823.146606445	1680.39501953	
1244.10009766	862.995300293	797.926879883	1660.92218018	
1244.15002441	839.09588623	858.018005371	1697.1138916	
1244.20007324	830.596557617	871.674255371	1702.27081299	
1244.25	859.472839355	839.71307373	1699.18591309	
1244.30004883	837.998046875	817.60357666	1655.60162354	
1244.35009766	858.340942383	853.331726074	1711.67266846	
1244.40002441	825.065185547	885.202880859	1710.26806641	
1244.45007324	822.582641602	830.475646973	1653.05828857	
1244.5	814.338928223	878.883422852	1693.22235107	
1244.55004883	836.678161621	850.795898438	1687.47406006	
1244.60009766	813.244384766	824.684631348	1637.92901611	
1244.65002441	817.830078125	831.768615723	1649.59869385	
1244.70007324	842.666564941	875.683105469	1718.34967041	
1244.75	872.235107422	816.752685547	1688.98779297	
1244.80004883	828.881958008	836.118713379	1665.00067139	
1244.85009766	814.302978516	812.487304688	1626.7902832	
1244.90002441	790.470275879	830.679931641	1621.15020752	
1244.95007324	825.324523926	854.432128906	1679.75665283	
1244.95007324	825.324523926	854.432128906	1679.75665283	